function data()
return {
	times = { 0, 41.667, 83.333, 125, 166.667, 208.333, 250, 291.667, 333.333, 375, 416.667, 458.333, 500, 541.667, 583.333, 625, 666.667, 708.333, 750, 791.667, 833.333, 875, 916.667, 958.333, 1000, 1041.667, 1083.333, 1125, 1166.667, 1208.333, 1250, 1291.667, 1333.333, 1375, 1416.667, 1458.333, 1500, 1541.667, 1583.333, 1625, 1666.667, 1708.333, 1750, 1791.667, 1833.333, 1875, 1916.667, 1958.333, 2000, 2041.667, 2083.333, },
	transfs = {
		{ 1, 0, 0, 0, 0, 1, 0, 0, 0, 0, 1, 0, 0, 0, 0, 1, },
		{ 0.99999821186066, 0.0018598220776767, 0, 0, -0.0018598220776767, 0.99999821186066, 0, 0, 0, 0, 1, 0, 0, 0, 0, 1, },
		{ 0.99997305870056, 0.0073386947624385, 0, 0, -0.0073386947624385, 0.99997305870056, 0, 0, 0, 0, 1, 0, 0, 0, 0, 1, },
		{ 0.99986737966537, 0.016285294666886, 0, 0, -0.016285294666886, 0.99986737966537, 0, 0, 0, 0, 1, 0, 0, 0, 0, 1, },
		{ 0.99959242343903, 0.02854692004621, 0, 0, -0.02854692004621, 0.99959242343903, 0, 0, 0, 0, 1, 0, 0, 0, 0, 1, },
		{ 0.99903291463852, 0.043968122452497, 0, 0, -0.043968122452497, 0.99903291463852, 0, 0, 0, 0, 1, 0, 0, 0, 0, 1, },
		{ 0.99805182218552, 0.062389176338911, 0, 0, -0.062389176338911, 0.99805182218552, 0, 0, 0, 0, 1, 0, 0, 0, 0, 1, },
		{ 0.99649560451508, 0.083644457161427, 0, 0, -0.083644457161427, 0.99649560451508, 0, 0, 0, 0, 1, 0, 0, 0, 0, 1, },
		{ 0.99419850111008, 0.10756070166826, 0, 0, -0.10756070166826, 0.99419850111008, 0, 0, 0, 0, 1, 0, 0, 0, 0, 1, },
		{ 0.9909873008728, 0.13395576179028, 0, 0, -0.13395576179028, 0.9909873008728, 0, 0, 0, 0, 1, 0, 0, 0, 0, 1, },
		{ 0.98668587207794, 0.16263715922832, 0, 0, -0.16263715922832, 0.98668587207794, 0, 0, 0, 0, 1, 0, 0, 0, 0, 1, },
		{ 0.98111963272095, 0.1934015005827, 0, 0, -0.1934015005827, 0.98111963272095, 0, 0, 0, 0, 1, 0, 0, 0, 0, 1, },
		{ 0.9741193652153, 0.22603388130665, 0, 0, -0.22603388130665, 0.9741193652153, 0, 0, 0, 0, 1, 0, 0, 0, 0, 1, },
		{ 0.96552568674088, 0.26030775904655, 0, 0, -0.26030775904655, 0.96552568674088, 0, 0, 0, 0, 1, 0, 0, 0, 0, 1, },
		{ 0.95519244670868, 0.29598543047905, 0, 0, -0.29598543047905, 0.95519244670868, 0, 0, 0, 0, 1, 0, 0, 0, 0, 1, },
		{ 0.94299054145813, 0.33281949162483, 0, 0, -0.33281949162483, 0.94299054145813, 0, 0, 0, 0, 1, 0, 0, 0, 0, 1, },
		{ 0.92881107330322, 0.37055358290672, 0, 0, -0.37055358290672, 0.92881107330322, 0, 0, 0, 0, 1, 0, 0, 0, 0, 1, },
		{ 0.91256833076477, 0.40892422199249, 0, 0, -0.40892422199249, 0.91256833076477, 0, 0, 0, 0, 1, 0, 0, 0, 0, 1, },
		{ 0.89420175552368, 0.44766417145729, 0, 0, -0.44766417145729, 0.89420175552368, 0, 0, 0, 0, 1, 0, 0, 0, 0, 1, },
		{ 0.87367844581604, 0.48650372028351, 0, 0, -0.48650372028351, 0.87367844581604, 0, 0, 0, 0, 1, 0, 0, 0, 0, 1, },
		{ 0.85099440813065, 0.52517461776733, 0, 0, -0.52517461776733, 0.85099440813065, 0, 0, 0, 0, 1, 0, 0, 0, 0, 1, },
		{ 0.82617539167404, 0.56341296434402, 0, 0, -0.56341296434402, 0.82617539167404, 0, 0, 0, 0, 1, 0, 0, 0, 0, 1, },
		{ 0.79927712678909, 0.60096263885498, 0, 0, -0.60096263885498, 0.79927712678909, 0, 0, 0, 0, 1, 0, 0, 0, 0, 1, },
		{ 0.77038502693176, 0.63757884502411, 0, 0, -0.63757884502411, 0.77038502693176, 0, 0, 0, 0, 1, 0, 0, 0, 0, 1, },
		{ 0.73961424827576, 0.67303103208542, 0, 0, -0.67303103208542, 0.73961424827576, 0, 0, 0, 0, 1, 0, 0, 0, 0, 1, },
		{ 0.70710676908493, 0.70710676908493, 0, 0, -0.70710676908493, 0.70710676908493, 0, 0, 0, 0, 1, 0, 0, 0, 0, 1, },
		{ 0.67303115129471, 0.73961412906647, 0, 0, -0.73961412906647, 0.67303115129471, 0, 0, 0, 0, 1, 0, 0, 0, 0, 1, },
		{ 0.63757884502411, 0.77038502693176, 0, 0, -0.77038502693176, 0.63757884502411, 0, 0, 0, 0, 1, 0, 0, 0, 0, 1, },
		{ 0.60096287727356, 0.79927694797516, 0, 0, -0.79927694797516, 0.60096287727356, 0, 0, 0, 0, 1, 0, 0, 0, 0, 1, },
		{ 0.56341308355331, 0.8261753320694, 0, 0, -0.8261753320694, 0.56341308355331, 0, 0, 0, 0, 1, 0, 0, 0, 0, 1, },
		{ 0.52517473697662, 0.85099440813065, 0, 0, -0.85099440813065, 0.52517473697662, 0, 0, 0, 0, 1, 0, 0, 0, 0, 1, },
		{ 0.48650386929512, 0.8736783862114, 0, 0, -0.8736783862114, 0.48650386929512, 0, 0, 0, 0, 1, 0, 0, 0, 0, 1, },
		{ 0.44766440987587, 0.89420163631439, 0, 0, -0.89420163631439, 0.44766440987587, 0, 0, 0, 0, 1, 0, 0, 0, 0, 1, },
		{ 0.40892422199249, 0.91256833076477, 0, 0, -0.91256833076477, 0.40892422199249, 0, 0, 0, 0, 1, 0, 0, 0, 0, 1, },
		{ 0.37055361270905, 0.92881107330322, 0, 0, -0.92881107330322, 0.37055361270905, 0, 0, 0, 0, 1, 0, 0, 0, 0, 1, },
		{ 0.3328195810318, 0.94299054145813, 0, 0, -0.94299054145813, 0.3328195810318, 0, 0, 0, 0, 1, 0, 0, 0, 0, 1, },
		{ 0.29598578810692, 0.95519226789474, 0, 0, -0.95519226789474, 0.29598578810692, 0, 0, 0, 0, 1, 0, 0, 0, 0, 1, },
		{ 0.26030778884888, 0.96552568674088, 0, 0, -0.96552568674088, 0.26030778884888, 0, 0, 0, 0, 1, 0, 0, 0, 0, 1, },
		{ 0.22603350877762, 0.97411954402924, 0, 0, -0.97411954402924, 0.22603350877762, 0, 0, 0, 0, 1, 0, 0, 0, 0, 1, },
		{ 0.1934015005827, 0.98111963272095, 0, 0, -0.98111963272095, 0.1934015005827, 0, 0, 0, 0, 1, 0, 0, 0, 0, 1, },
		{ 0.16263717412949, 0.98668587207794, 0, 0, -0.98668587207794, 0.16263717412949, 0, 0, 0, 0, 1, 0, 0, 0, 0, 1, },
		{ 0.13395577669144, 0.9909873008728, 0, 0, -0.9909873008728, 0.13395577669144, 0, 0, 0, 0, 1, 0, 0, 0, 0, 1, },
		{ 0.10756085067987, 0.99419850111008, 0, 0, -0.99419850111008, 0.10756085067987, 0, 0, 0, 0, 1, 0, 0, 0, 0, 1, },
		{ 0.083644323050976, 0.99649560451508, 0, 0, -0.99649560451508, 0.083644323050976, 0, 0, 0, 0, 1, 0, 0, 0, 0, 1, },
		{ 0.062389142811298, 0.99805182218552, 0, 0, -0.99805182218552, 0.062389142811298, 0, 0, 0, 0, 1, 0, 0, 0, 0, 1, },
		{ 0.043968059122562, 0.99903291463852, 0, 0, -0.99903291463852, 0.043968059122562, 0, 0, 0, 0, 1, 0, 0, 0, 0, 1, },
		{ 0.028547070920467, 0.99959242343903, 0, 0, -0.99959242343903, 0.028547070920467, 0, 0, 0, 0, 1, 0, 0, 0, 0, 1, },
		{ 0.016285043209791, 0.99986737966537, 0, 0, -0.99986737966537, 0.016285043209791, 0, 0, 0, 0, 1, 0, 0, 0, 0, 1, },
		{ 0.0073388065211475, 0.99997305870056, 0, 0, -0.99997305870056, 0.0073388065211475, 0, 0, 0, 0, 1, 0, 0, 0, 0, 1, },
		{ 0.0018598173046485, 0.99999821186066, 0, 0, -0.99999821186066, 0.0018598173046485, 0, 0, 0, 0, 1, 0, 0, 0, 0, 1, },
		{ 1.3315805347247e-07, 1, 0, 0, -1, 1.3315805347247e-07, 0, 0, 0, 0, 1, 0, 0, 0, 0, 1, },
	},
}
end
