function data()
return {
	times = { 0, 41.667, 83.333, 125, 166.667, 208.333, 250, 291.667, 333.333, 375, 416.667, 458.333, 500, 541.667, 583.333, 625, 666.667, 708.333, 750, 791.667, 833.333, 875, 916.667, 958.333, 1000, 1041.667, 1083.333, 1125, 1166.667, 1208.333, 1250, 1291.667, 1333.333, 1375, 1416.667, 1458.333, 1500, 1541.667, 1583.333, 1625, 1666.667, 1708.333, 1750, 1791.667, 1833.333, 1875, 1916.667, 1958.333, 2000, 2041.667, 2083.333, },
	transfs = {
		{ 1, 0, 0, 0, 0, 1, 0, 0, 0, 0, 1, 0, 0, 0, 0, 1, },
		{ 1, 4.6082303015282e-05, -4.3793603254016e-05, 0, -4.6003136958461e-05, 0.99999839067459, 0.0018059910507873, 0, 4.387675653561e-05, -0.0018059890717268, 0.99999839067459, 0, -3.8146971803599e-08, -4.7683712978142e-08, 0, 1, },
		{ 0.99999988079071, 0.00018183940846939, -0.00017280718020629, 0, -0.00018060332513414, 0.99997454881668, 0.0071262866258621, 0, 0.00017409861902706, -0.0071262554265559, 0.99997454881668, 0, -3.8146971803599e-08, -9.4175334197644e-08, 0, 1, },
		{ 0.99999976158142, 0.00040353389340453, -0.00038348985253833, 0, -0.00039741894579493, 0.99987488985062, 0.01581397280097, 0, 0.00038982334081084, -0.015813820064068, 0.99987488985062, 0, -7.6293943607197e-08, -1.4185904717579e-07, 0, 1, },
		{ 0.99999952316284, 0.00070742913521826, -0.00067229085834697, 0, -0.00068852095864713, 0.99961543083191, 0.027720857411623, 0, 0.00069164286833256, -0.027720380574465, 0.99961543083191, 0, -7.6293943607197e-08, -1.8835066839529e-07, 0, 1, },
		{ 0.99999886751175, 0.001089793862775, -0.0010356592247263, 0, -0.0010445818770677, 0.99908757209778, 0.0426962710917, 0, 0.0010812444379553, -0.042695142328739, 0.99908757209778, 0, -1.144409154108e-07, -2.3603438137343e-07, 0, 1, },
		{ 0.9999977350235, 0.0015468824421987, -0.0014700437895954, 0, -0.0014549790648744, 0.99816191196442, 0.060585554689169, 0, 0.001561060664244, -0.060583278536797, 0.99816191196442, 0, -1.144409154108e-07, -2.8252600259293e-07, 0, 1, },
		{ 0.99999588727951, 0.0020749527029693, -0.0019718946423382, 0, -0.0019079254707322, 0.99669367074966, 0.081228688359261, 0, 0.002133920788765, -0.081224590539932, 0.99669349193573, 0, -1.5258788721439e-07, -3.3020972978193e-07, 0, 1, },
		{ 0.9999932050705, 0.0026702915783972, -0.0025376579724252, 0, -0.0023906112182885, 0.99452632665634, 0.10445866733789, 0, 0.0028027025982738, -0.10445188730955, 0.99452596902847, 0, -1.5258788721439e-07, -3.7670133679057e-07, 0, 1, },
		{ 0.99998944997787, 0.0033291168510914, -0.0031637863721699, 0, -0.0028892294503748, 0.99149662256241, 0.13010022044182, 0, 0.0035700027365237, -0.13008971512318, 0.99149578809738, 0, -1.9073485191257e-07, -4.2438506397957e-07, 0, 1, },
		{ 0.99998432397842, 0.0040477765724063, -0.0038467231206596, 0, -0.0033893203362823, 0.9874382019043, 0.1579687744379, 0, 0.004437823779881, -0.15795329213142, 0.98743653297424, 0, -1.9073485191257e-07, -4.7087667098822e-07, 0, 1, },
		{ 0.99997788667679, 0.0048223887570202, -0.0045829270966351, 0, -0.0038755778223276, 0.98218637704849, 0.18786950409412, 0, 0.0054072681814432, -0.18784758448601, 0.98218321800232, 0, -2.2888183082159e-07, -5.1856039817721e-07, 0, 1, },
		{ 0.99996960163116, 0.0056493785232306, -0.0053688269108534, 0, -0.0043325782753527, 0.97558099031448, 0.21959725022316, 0, 0.006478313356638, -0.21956729888916, 0.97557586431503, 0, -2.2888183082159e-07, -5.6505200518586e-07, 0, 1, },
		{ 0.99995946884155, 0.0065249148756266, -0.0062009012326598, 0, -0.0047444296069443, 0.96747130155563, 0.25293597579002, 0, 0.0076495795510709, -0.25289633870125, 0.9674631357193, 0, -2.6702880973062e-07, -6.1273573237486e-07, 0, 1, },
		{ 0.99994724988937, 0.0074451942928135, -0.0070755695924163, 0, -0.0050953193567693, 0.95771914720535, 0.28765952587128, 0, 0.0089180897921324, -0.28760829567909, 0.95770657062531, 0, -3.0517577442879e-07, -6.5922733938351e-07, 0, 1, },
		{ 0.99993276596069, 0.0084066223353148, -0.0079892789945006, 0, -0.0053699286654592, 0.9462017416954, 0.32353267073631, 0, 0.010279287584126, -0.32346796989441, 0.94618320465088, 0, -3.0517577442879e-07, -7.069110665725e-07, 0, 1, },
		{ 0.99991577863693, 0.0094053633511066, -0.0089385015890002, 0, -0.0055532860569656, 0.93281537294388, 0.36031183600426, 0, 0.011726835742593, -0.36023190617561, 0.93278902769089, 0, -3.4332273912696e-07, -7.5340267358115e-07, 0, 1, },
		{ 0.99989634752274, 0.010437692515552, -0.0099196676164865, 0, -0.0056314123794436, 0.91747772693634, 0.3977472782135, 0, 0.013252638280392, -0.39765021204948, 0.91744130849838, 0, -3.4332273912696e-07, -8.0108640077015e-07, 0, 1, },
		{ 0.99987417459488, 0.011499784886837, -0.010929235257208, 0, -0.0055913962423801, 0.90013015270233, 0.43558502197266, 0, 0.01484686974436, -0.43546906113625, 0.90008115768433, 0, -3.8146970382513e-07, -8.4757800777879e-07, 0, 1, },
		{ 0.99984920024872, 0.012588017620146, -0.011963650584221, 0, -0.0054219695739448, 0.88073980808258, 0.47356927394867, 0, 0.016498163342476, -0.47343298792839, 0.88067531585693, 0, -3.8146970382513e-07, -8.9526173496779e-07, 0, 1, },
		{ 0.99982142448425, 0.013698694296181, -0.013019345700741, 0, -0.0051135211251676, 0.85930043458939, 0.51144558191299, 0, 0.018193667754531, -0.51128768920898, 0.85921704769135, 0, -4.1961669694501e-07, -9.4175334197644e-07, 0, 1, },
		{ 0.99979072809219, 0.01482786424458, -0.014092742465436, 0, -0.004658221732825, 0.83583396673203, 0.54896247386932, 0, 0.019919134676456, -0.5487819314003, 0.83572816848755, 0, -4.1961669694501e-07, -9.8943712600885e-07, 0, 1, },
		{ 0.99975717067719, 0.015971941873431, -0.015180408023298, 0, -0.0040506413206458, 0.8103900551796, 0.58587664365768, 0, 0.021659638732672, -0.58567291498184, 0.81025797128677, 0, -4.5776366164318e-07, -1.0359286761741e-06, 0, 1, },
		{ 0.99972075223923, 0.017127213999629, -0.016278654336929, 0, -0.0032877495978028, 0.78304672241211, 0.62195420265198, 0, 0.023399289697409, -0.62172698974609, 0.78288435935974, 0, -4.5776366164318e-07, -1.0836124602065e-06, 0, 1, },
		{ 0.99968153238297, 0.018289811909199, -0.01738396845758, 0, -0.0023687947541475, 0.75390934944153, 0.65697419643402, 0, 0.025121871381998, -0.65672385692596, 0.75371253490448, 0, -4.9591062634136e-07, -1.1301040103717e-06, 0, 1, },
		{ 0.99963963031769, 0.019456002861261, -0.018492862582207, 0, -0.0012956440914422, 0.72310876846313, 0.69073289632797, 0, 0.026811251416802, -0.69046002626419, 0.72287350893021, 0, -5.3405761946124e-07, -1.1777877944041e-06, 0, 1, },
		{ 0.99959510564804, 0.020622160285711, -0.019601721316576, 0, -7.2916162025649e-05, 0.6908010840416, 0.72304487228394, 0, 0.028451636433601, -0.72275072336197, 0.69052290916443, 0, -5.3405761946124e-07, -1.2254714647497e-06, 0, 1, },
		{ 0.9995481967926, 0.021784426644444, -0.020706988871098, 0, 0.0012924476759508, 0.6571643948555, 0.75374615192413, 0, 0.030027821660042, -0.75343239307404, 0.65683937072754, 0, -5.722045557377e-07, -1.2719631286018e-06, 0, 1, },
		{ 0.99949902296066, 0.02293917723, -0.021805129945278, 0, 0.0027909385971725, 0.62239664793015, 0.78269702196121, 0, 0.031525865197182, -0.78236573934555, 0.62202084064484, 0, -5.722045557377e-07, -1.3196467989474e-06, 0, 1, },
		{ 0.9994478225708, 0.024082627147436, -0.022892577573657, 0, 0.0044108452275395, 0.58671349287033, 0.80978256464005, 0, 0.032933074980974, -0.80943638086319, 0.58628326654434, 0, -6.1035154885758e-07, -1.3661384627994e-06, 0, 1, },
		{ 0.99939477443695, 0.025210954248905, -0.023965803906322, 0, 0.0061384160071611, 0.55034446716309, 0.83491504192352, 0, 0.034238453954458, -0.83455693721771, 0.54985672235489, 0, -6.1035154885758e-07, -1.413822133145e-06, 0, 1, },
		{ 0.99934029579163, 0.026320578530431, -0.025021281093359, 0, 0.0079579427838326, 0.51353067159653, 0.85803431272507, 0, 0.035433158278465, -0.85766744613647, 0.51298248767853, 0, -6.4849854197746e-07, -1.4603137969971e-06, 0, 1, },
		{ 0.99928462505341, 0.027407642453909, -0.026055378839374, 0, 0.0098522137850523, 0.47652116417885, 0.87910777330399, 0, 0.036510214209557, -0.87873566150665, 0.47591030597687, 0, -6.4849854197746e-07, -1.5079974673426e-06, 0, 1, },
		{ 0.9992281794548, 0.028468482196331, -0.027064694091678, 0, 0.011802875436842, 0.43956944346428, 0.89813107252121, 0, 0.037465237081051, -0.89775735139847, 0.43889418244362, 0, -6.8664547825392e-07, -1.5544891311947e-06, 0, 1, },
		{ 0.9991711974144, 0.029499389231205, -0.02804552577436, 0, 0.013790339231491, 0.40293270349503, 0.91512566804886, 0, 0.038296110928059, -0.91475409269333, 0.40219196677208, 0, -6.8664547825392e-07, -1.6021728015403e-06, 0, 1, },
		{ 0.99911427497864, 0.030496614053845, -0.028994403779507, 0, 0.015794647857547, 0.36686640977859, 0.93013954162598, 0, 0.039003178477287, -0.92977356910706, 0.36605975031853, 0, -7.247924713738e-07, -1.6486644653924e-06, 0, 1, },
		{ 0.99905759096146, 0.031456407159567, -0.029907753691077, 0, 0.017795441672206, 0.33162239193916, 0.94324433803558, 0, 0.039589159190655, -0.94288754463196, 0.33075004816055, 0, -7.247924713738e-07, -1.6963481357379e-06, 0, 1, },
		{ 0.99900168180466, 0.032375067472458, -0.030782047659159, 0, 0.01977233402431, 0.29744789004326, 0.95453327894211, 0, 0.040059130638838, -0.95418894290924, 0.2965107858181, 0, -7.6293940765026e-07, -1.74283979959e-06, 0, 1, },
		{ 0.99894690513611, 0.033248860388994, -0.031613726168871, 0, 0.021705187857151, 0.26458215713501, 0.96411883831024, 0, 0.040420282632113, -0.96378976106644, 0.26358187198639, 0, -8.0108640077015e-07, -1.7905234699356e-06, 0, 1, },
		{ 0.99889403581619, 0.034074131399393, -0.032399214804173, 0, 0.023574272170663, 0.23325699567795, 0.97212928533554, 0, 0.040681809186935, -0.97181797027588, 0.23219573497772, 0, -8.0108640077015e-07, -1.8370151337876e-06, 0, 1, },
		{ 0.9988431930542, 0.034847125411034, -0.033135030418634, 0, 0.025360664352775, 0.2036934196949, 0.9787061214447, 0, 0.040854480117559, -0.97841435670853, 0.20257404446602, 0, -8.3923339389003e-07, -1.8846988041332e-06, 0, 1, },
		{ 0.99879503250122, 0.035564087331295, -0.03381759300828, 0, 0.027046125382185, 0.17610386013985, 0.98399996757507, 0, 0.04095046967268, -0.98372894525528, 0.17492979764938, 0, -8.3923339389003e-07, -1.9311903542985e-06, 0, 1, },
		{ 0.99875003099442, 0.036221385002136, -0.034443348646164, 0, 0.028613416478038, 0.1506882160902, 0.9881671667099, 0, 0.040982991456985, -0.98791754245758, 0.1494634449482, 0, -8.7738033016649e-07, -1.9788742520177e-06, 0, 1, },
		{ 0.9987086057663, 0.036815240979195, -0.035008780658245, 0, 0.030046287924051, 0.12763777375221, 0.99136561155319, 0, 0.040965810418129, -0.9911373257637, 0.12636679410934, 0, -8.7738033016649e-07, -2.0253658021829e-06, 0, 1, },
		{ 0.99867135286331, 0.037341978400946, -0.035510323941708, 0, 0.031329423189163, 0.10713458806276, 0.99375081062317, 0, 0.040913008153439, -0.99354302883148, 0.10582233965397, 0, -9.1552732328637e-07, -2.0730494725285e-06, 0, 1, },
		{ 0.99863874912262, 0.037797879427671, -0.035944420844316, 0, 0.032448515295982, 0.08935160189867, 0.9954714179039, 0, 0.040838394314051, -0.9952826499939, 0.088003486394882, 0, -9.1552732328637e-07, -2.1195410226937e-06, 0, 1, },
		{ 0.99861109256744, 0.038179203867912, -0.03630755096674, 0, 0.033390235155821, 0.07445453107357, 0.99666517972946, 0, 0.040755148977041, -0.99649327993393, 0.07307630777359, 0, -9.5367431640625e-07, -2.167224920413e-06, 0, 1, },
		{ 0.99858891963959, 0.038482274860144, -0.036596186459064, 0, 0.034142103046179, 0.062602818012238, 0.99745428562164, 0, 0.040675334632397, -0.99729633331299, 0.061200611293316, 0, -9.5367431640625e-07, -2.2137164705782e-06, 0, 1, },
		{ 0.99857264757156, 0.038703352212906, -0.036806713789701, 0, 0.034692332148552, 0.053951509296894, 0.99794071912766, 0, 0.040609423071146, -0.99779319763184, 0.052531789988279, 0, -9.9182125268271e-07, -2.2614001409238e-06, 0, 1, },
		{ 0.9985625743866, 0.038838740438223, -0.03693563118577, 0, 0.035029977560043, 0.048651624470949, 0.99820131063461, 0, 0.040565863251686, -0.99806040525436, 0.047221176326275, 0, -9.9182125268271e-07, -2.307891691089e-06, 0, 1, },
		{ 0.99855923652649, 0.038884688168764, -0.036979392170906, 0, 0.035144701600075, 0.04685266315937, 0.99828338623047, 0, 0.040550522506237, -0.99814468622208, 0.045418571680784, 0, -1.0299681889592e-06, -2.3555755888083e-06, 0, 1, },
	},
}
end
