function data()
return {
	times = { 0, 41.667, 83.333, 125, 166.667, 208.333, 250, 291.667, 333.333, 375, 416.667, 458.333, 500, 541.667, 583.333, 625, 666.667, 708.333, 750, 791.667, 833.333, 875, 916.667, 958.333, 1000, 1041.667, 1083.333, 1125, 1166.667, 1208.333, 1250, 1291.667, 1333.333, 1375, 1416.667, 1458.333, 1500, 1541.667, 1583.333, 1625, 1666.667, 1708.333, 1750, 1791.667, 1833.333, 1875, 1916.667, 1958.333, 2000, 2041.667, 2083.333, },
	transfs = {
		{ 1, 0, 0, 0, 0, 1, 0, 0, 0, 0, 1, 0, 0, 0, 0, 1, },
		{ 1, 4.1132512706099e-05, 4.2031726479763e-05, 0, -4.105989864911e-05, 0.99999850988388, -0.0017261614557356, 0, -4.2102659790544e-05, 0.0017261598259211, 0.99999850988388, 0, 3.8146971803599e-08, 4.7683712978142e-08, 0, 1, },
		{ 1, 0.0001623092830414, 0.00016585490084253, 0, -0.00016117583436426, 0.99997681379318, -0.0068112909793854, 0, -0.00016695659724064, 0.0068112649023533, 0.99997681379318, 0, 3.8146971803599e-08, 9.4175334197644e-08, 0, 1, },
		{ 0.99999988079071, 0.00036019217805006, 0.00036806153366342, 0, -0.00035458782804199, 0.99988561868668, -0.015115011483431, 0, -0.00037346381577663, 0.015114878304303, 0.99988561868668, 0, 7.6293943607197e-08, 1.4185904717579e-07, 0, 1, },
		{ 0.99999958276749, 0.00063144403975457, 0.00064524367917329, 0, -0.00061412621289492, 0.99964869022369, -0.026495821774006, 0, -0.00066174770472571, 0.026495417580009, 0.99964869022369, 0, 7.6293943607197e-08, 1.8835066839529e-07, 0, 1, },
		{ 0.99999904632568, 0.0009727356955409, 0.00099399359896779, 0, -0.00093136093346402, 0.99916642904282, -0.04081005603075, 0, -0.0010328624630347, 0.040809094905853, 0.99916642904282, 0, 1.144409154108e-07, 2.3603438137343e-07, 0, 1, },
		{ 0.99999803304672, 0.0013807312352583, 0.0014109023613855, 0, -0.0012967092916369, 0.99832087755203, -0.057910602539778, 0, -0.0014884922420606, 0.057908661663532, 0.9983206987381, 0, 1.144409154108e-07, 2.8252600259293e-07, 0, 1, },
		{ 0.99999642372131, 0.0018520768499002, 0.0018925620242953, 0, -0.0016995395999402, 0.99697959423065, -0.07764558494091, 0, -0.0020306510850787, 0.077642098069191, 0.99697923660278, 0, 1.5258788721439e-07, 3.3020972978193e-07, 0, 1, },
		{ 0.99999421834946, 0.0023834647145122, 0.002435564994812, 0, -0.0021283500827849, 0.99499952793121, -0.099857114255428, 0, -0.0026613918598741, 0.099851362407207, 0.99499875307083, 0, 1.5258788721439e-07, 3.7670133679057e-07, 0, 1, },
		{ 0.99999094009399, 0.002971553709358, 0.0030365036800504, 0, -0.0025708111934364, 0.99223124980927, -0.12438007444143, 0, -0.0033825158607215, 0.12437115609646, 0.99222993850708, 0, 1.9073485191257e-07, 4.2438506397957e-07, 0, 1, },
		{ 0.99998664855957, 0.0036129881627858, 0.003691965714097, 0, -0.0030139232985675, 0.98852282762527, -0.15104106068611, 0, -0.004195302259177, 0.15102791786194, 0.98852056264877, 0, 1.9073485191257e-07, 4.7087667098822e-07, 0, 1, },
		{ 0.99998098611832, 0.0043044369667768, 0.0043985489755869, 0, -0.0034442048054188, 0.98372304439545, -0.17965802550316, 0, -0.0051002814434469, 0.17963947355747, 0.98371922969818, 0, 2.2888183082159e-07, 5.1856039817721e-07, 0, 1, },
		{ 0.99997401237488, 0.0050425711087883, 0.005152843426913, 0, -0.0038478472270072, 0.97768533229828, -0.21003948152065, 0, -0.0060969982296228, 0.21001419425011, 0.97767925262451, 0, 2.2888183082159e-07, 5.6505200518586e-07, 0, 1, },
		{ 0.99996531009674, 0.0058240774087608, 0.0059514283202589, 0, -0.0042109237983823, 0.97027093172073, -0.24198472499847, 0, -0.007183835376054, 0.24195127189159, 0.97026181221008, 0, 2.6702880973062e-07, 6.1273573237486e-07, 0, 1, },
		{ 0.99995487928391, 0.006645554676652, 0.0067909080535173, 0, -0.0045194937847555, 0.96135222911835, -0.27528417110443, 0, -0.0083578713238239, 0.27524104714394, 0.96133893728256, 0, 3.0517577442879e-07, 6.5922733938351e-07, 0, 1, },
		{ 0.99994242191315, 0.0075036906637251, 0.0076678805053234, 0, -0.0047600078396499, 0.9508159160614, -0.30971992015839, 0, -0.0096147861331701, 0.30966559052467, 0.95079690217972, 0, 3.0517577442879e-07, 7.069110665725e-07, 0, 1, },
		{ 0.99992787837982, 0.0083951456472278, 0.0085789151489735, 0, -0.0049194446764886, 0.93856507539749, -0.34506705403328, 0, -0.010948759503663, 0.34499999880791, 0.93853884935379, 0, 3.4332273912696e-07, 7.5340267358115e-07, 0, 1, },
		{ 0.99991124868393, 0.0093166697770357, 0.0095205996185541, 0, -0.0049856607802212, 0.92452239990234, -0.3810949921608, 0, -0.012352545745671, 0.38101369142532, 0.92448687553406, 0, 3.4332273912696e-07, 8.0108640077015e-07, 0, 1, },
		{ 0.99989229440689, 0.010264644399285, 0.010489572770894, 0, -0.0049471859820187, 0.90863144397736, -0.41756954789162, 0, -0.013817357830703, 0.41747269034386, 0.90858441591263, 0, 3.8146970382513e-07, 8.4757800777879e-07, 0, 1, },
		{ 0.99987089633942, 0.011236038990319, 0.01148237567395, 0, -0.0047944243997335, 0.89085900783539, -0.45425450801849, 0, -0.015333198942244, 0.45414078235626, 0.89079791307449, 0, 3.8146970382513e-07, 8.9526173496779e-07, 0, 1, },
		{ 0.9998471736908, 0.012227443046868, 0.01249557826668, 0, -0.004518925677985, 0.87119591236115, -0.49091470241547, 0, -0.016888728365302, 0.49078324437141, 0.87111794948578, 0, 4.1961669694501e-07, 9.4175334197644e-07, 0, 1, },
		{ 0.99982088804245, 0.013235374353826, 0.013525833375752, 0, -0.0041138660162687, 0.84965807199478, -0.52731794118881, 0, -0.018471585586667, 0.52716785669327, 0.84956037998199, 0, 4.1961669694501e-07, 9.8943712600885e-07, 0, 1, },
		{ 0.99979221820831, 0.014256626367569, 0.014569752849638, 0, -0.0035745648201555, 0.82628679275513, -0.5632381439209, 0, -0.020068671554327, 0.56306898593903, 0.82616609334946, 0, 4.5776366164318e-07, 1.0359286761741e-06, 0, 1, },
		{ 0.99976098537445, 0.01528784353286, 0.015623812563717, 0, -0.0028983431402594, 0.80114912986755, -0.59845775365829, 0, -0.021666131913662, 0.59826952219009, 0.8010019659996, 0, 4.5776366164318e-07, 1.0836124602065e-06, 0, 1, },
		{ 0.99972748756409, 0.01632565446198, 0.016684694215655, 0, -0.0020845311228186, 0.77433639764786, -0.63277065753937, 0, -0.02324995957315, 0.63256347179413, 0.77415949106216, 0, 4.9591062634136e-07, 1.1301040103717e-06, 0, 1, },
		{ 0.99969160556793, 0.017366707324982, 0.017748955637217, 0, -0.0011347642866895, 0.74596452713013, -0.66598469018936, 0, -0.024806052446365, 0.66575920581818, 0.74575424194336, 0, 5.3405761946124e-07, 1.1777877944041e-06, 0, 1, },
		{ 0.99965351819992, 0.018407698720694, 0.018813172355294, 0, -5.2915504056728e-05, 0.71617138385773, -0.69792437553406, 0, -0.02632063627243, 0.69768154621124, 0.71592426300049, 0, 5.3405761946124e-07, 1.2254714647497e-06, 0, 1, },
		{ 0.9996132850647, 0.019445216283202, 0.019874000921845, 0, 0.0011550826020539, 0.68511641025543, -0.72843265533447, 0, -0.027780536562204, 0.72817397117615, 0.68482905626297, 0, 5.722045557377e-07, 1.2719631286018e-06, 0, 1, },
		{ 0.99957120418549, 0.020476032048464, 0.020927999168634, 0, 0.0024809977039695, 0.65297710895538, -0.75737357139587, 0, -0.029173510149121, 0.75710076093674, 0.65264636278152, 0, 5.722045557377e-07, 1.3196467989474e-06, 0, 1, },
		{ 0.99952733516693, 0.021496774628758, 0.021971743553877, 0, 0.0039147217758, 0.61994808912277, -0.78463304042816, 0, -0.030488418415189, 0.78434824943542, 0.61957091093063, 0, 6.1035154885758e-07, 1.3661384627994e-06, 0, 1, },
		{ 0.99948197603226, 0.02250406704843, 0.023001817986369, 0, 0.0054443390108645, 0.58623766899109, -0.81012082099915, 0, -0.031715545803308, 0.8098264336586, 0.58581149578094, 0, 6.1035154885758e-07, 1.413822133145e-06, 0, 1, },
		{ 0.99943542480469, 0.02349460311234, 0.024014834314585, 0, 0.0070562926121056, 0.55206549167633, -0.83377081155777, 0, -0.032846879214048, 0.83346962928772, 0.55158805847168, 0, 6.4849854197746e-07, 1.4603137969971e-06, 0, 1, },
		{ 0.99938780069351, 0.024465082213283, 0.025007393211126, 0, 0.0087356138974428, 0.5176602602005, -0.85554158687592, 0, -0.033876232802868, 0.85523629188538, 0.51712971925735, 0, 6.4849854197746e-07, 1.5079974673426e-06, 0, 1, },
		{ 0.9993394613266, 0.025412144139409, 0.025976067408919, 0, 0.010466217063367, 0.48325616121292, -0.8754163980484, 0, -0.034799300134182, 0.8751100897789, 0.48267096281052, 0, 6.8664547825392e-07, 1.5544891311947e-06, 0, 1, },
		{ 0.99929070472717, 0.026332426816225, 0.026917533949018, 0, 0.012231210246682, 0.44909086823463, -0.89340227842331, 0, -0.035613872110844, 0.8930978178978, 0.44845029711723, 0, 6.8664547825392e-07, 1.6021728015403e-06, 0, 1, },
		{ 0.9992418885231, 0.027222745120525, 0.027828212827444, 0, 0.014012808911502, 0.41540259122849, -0.90952974557877, 0, -0.036319810897112, 0.90923011302948, 0.41470620036125, 0, 7.247924713738e-07, 1.6486644653924e-06, 0, 1, },
		{ 0.99919337034225, 0.028079576790333, 0.028704840689898, 0, 0.015793237835169, 0.38242948055267, -0.92384964227676, 0, -0.036918886005878, 0.92355787754059, 0.38167753815651, 0, 7.247924713738e-07, 1.6963481357379e-06, 0, 1, },
		{ 0.99914556741714, 0.028899781405926, 0.029543990269303, 0, 0.017554402351379, 0.35040393471718, -0.93643414974213, 0, -0.037415072321892, 0.93615257740021, 0.34959721565247, 0, 7.6293940765026e-07, 1.74283979959e-06, 0, 1, },
		{ 0.99909871816635, 0.029679894447327, 0.030342232435942, 0, 0.019278386607766, 0.31955498456955, -0.94737160205841, 0, -0.037813898175955, 0.94710272550583, 0.31869480013847, 0, 8.0108640077015e-07, 1.7905234699356e-06, 0, 1, },
		{ 0.99905335903168, 0.030416704714298, 0.031096173450351, 0, 0.020947562530637, 0.29010438919067, -0.95676565170288, 0, -0.038122799247503, 0.95651137828827, 0.28919261693954, 0, 8.0108640077015e-07, 1.8370151337876e-06, 0, 1, },
		{ 0.99900990724564, 0.03110683709383, 0.031802419573069, 0, 0.02254487387836, 0.26226606965065, -0.96473217010498, 0, -0.038350459188223, 0.9644940495491, 0.26130512356758, 0, 8.3923339389003e-07, 1.8846988041332e-06, 0, 1, },
		{ 0.9989687204361, 0.031746942549944, 0.032457556575537, 0, 0.024053821340203, 0.2362464517355, -0.97139531373978, 0, -0.03850681707263, 0.97117435932159, 0.23523917794228, 0, 8.3923339389003e-07, 1.9311903542985e-06, 0, 1, },
		{ 0.99893015623093, 0.032333787530661, 0.033058166503906, 0, 0.025458663702011, 0.21224269270897, -0.9768853187561, 0, -0.038602754473686, 0.97668182849884, 0.21119245886803, 0, 8.7738033016649e-07, 1.9788742520177e-06, 0, 1, },
		{ 0.99889475107193, 0.032864026725292, 0.033600877970457, 0, 0.026744505390525, 0.1904432028532, -0.98133385181427, 0, -0.038649640977383, 0.98114788532257, 0.18935379385948, 0, 8.7738033016649e-07, 2.0253658021829e-06, 0, 1, },
		{ 0.99886292219162, 0.033334314823151, 0.034082263708115, 0, 0.027897272258997, 0.17102763056755, -0.98487120866776, 0, -0.038659013807774, 0.98470205068588, 0.16990321874619, 0, 9.1552732328637e-07, 2.0730494725285e-06, 0, 1, },
		{ 0.99883490800858, 0.033741354942322, 0.034498922526836, 0, 0.028903678059578, 0.15416923165321, -0.98762160539627, 0, -0.038642361760139, 0.98746812343597, 0.15301436185837, 0, 9.1552732328637e-07, 2.1195410226937e-06, 0, 1, },
		{ 0.9988112449646, 0.03408183157444, 0.034847471863031, 0, 0.029751323163509, 0.14003287255764, -0.98969972133636, 0, -0.038610573858023, 0.98956000804901, 0.13885243237019, 0, 9.5367431640625e-07, 2.167224920413e-06, 0, 1, },
		{ 0.99879223108292, 0.03435242921114, 0.035124473273754, 0, 0.030428549274802, 0.12877714633942, -0.99120652675629, 0, -0.038573585450649, 0.99107825756073, 0.12757632136345, 0, 9.5367431640625e-07, 2.2137164705782e-06, 0, 1, },
		{ 0.99877834320068, 0.034549832344055, 0.035326562821865, 0, 0.030924493446946, 0.12055552750826, -0.99222481250763, 0, -0.038540009409189, 0.99210506677628, 0.11933982372284, 0, 9.9182125268271e-07, 2.2614001409238e-06, 0, 1, },
		{ 0.99876981973648, 0.03467071056366, 0.035450294613838, 0, 0.031228937208652, 0.11551681905985, -0.99281442165375, 0, -0.038516692817211, 0.99270015954971, 0.11429197341204, 0, 9.9182125268271e-07, 2.307891691089e-06, 0, 1, },
		{ 0.99876689910889, 0.034711740911007, 0.035492315888405, 0, 0.031332407146692, 0.11380612850189, -0.99300873279572, 0, -0.038508307188749, 0.99289631843567, 0.11257819086313, 0, 1.0299681889592e-06, 2.3555755888083e-06, 0, 1, },
	},
}
end
