function data()
return {
	times = { 0, 41.667, 83.333, 125, 166.667, 208.333, 250, 291.667, 333.333, 375, 416.667, 458.333, 500, 541.667, 583.333, 625, 666.667, 708.333, 750, 791.667, 833.333, 875, 916.667, 958.333, 1000, 1041.667, 1083.333, 1125, 1166.667, 1208.333, 1250, 1291.667, 1333.333, 1375, 1416.667, 1458.333, 1500, 1541.667, 1583.333, 1625, 1666.667, 1708.333, 1750, 1791.667, 1833.333, 1875, 1916.667, 1958.333, 2000, 2041.667, 2083.333, },
	transfs = {
		{ 1, 0, 0, 0, 0, 1, 0, 0, 0, 0, 1, 0, 0, 0, 0, 1, },
		{ 1, -4.8619578592479e-05, -4.3737436499214e-05, 0, 4.8542686272413e-05, 0.99999839067459, -0.0017562492284924, 0, 4.3822754378198e-05, 0.0017562470166013, 0.99999839067459, 0, -3.8146971803599e-08, 4.7683712978142e-08, 0, 1, },
		{ 0.99999988079071, -0.00019185079145245, -0.00017258558364119, 0, 0.00019065017113462, 0.99997591972351, -0.0069300127215683, 0, 0.00017391097208019, 0.0069299801252782, 0.99997591972351, 0, -3.8146971803599e-08, 9.4175334197644e-08, 0, 1, },
		{ 0.99999976158142, -0.00042575233965181, -0.0003829980851151, 0, 0.00041981210233644, 0.99988168478012, -0.015378448180854, 0, 0.00038950014277361, 0.015378285199404, 0.99988168478012, 0, -7.6293943607197e-08, 1.4185904717579e-07, 0, 1, },
		{ 0.99999952316284, -0.00074637698708102, -0.00067142874468118, 0, 0.00072800583438948, 0.99963629245758, -0.026957547292113, 0, 0.00069130503106862, 0.026957044377923, 0.99963629245758, 0, -7.6293943607197e-08, 1.8835066839529e-07, 0, 1, },
		{ 0.99999874830246, -0.0011497935047373, -0.0010343313915655, 0, 0.0011058561503887, 0.99913704395294, -0.041520982980728, 0, 0.0010811793617904, 0.041519790887833, 0.99913710355759, 0, -1.144409154108e-07, 2.3603438137343e-07, 0, 1, },
		{ 0.99999755620956, -0.0016320490976796, -0.0014681585598737, 0, 0.0015427134931087, 0.99826157093048, -0.058918837457895, 0, 0.0015617646276951, 0.058916430920362, 0.99826169013977, 0, -1.144409154108e-07, 2.8252600259293e-07, 0, 1, },
		{ 0.99999558925629, -0.0021891822107136, -0.0019693656358868, 0, 0.0020267728250474, 0.99687278270721, -0.078996188938618, 0, 0.0021361443214118, 0.07899185270071, 0.99687296152115, 0, -1.5258788721439e-07, 3.3020972978193e-07, 0, 1, },
		{ 0.99999278783798, -0.0028172950260341, -0.0025344032328576, 0, 0.0025452538393438, 0.99482291936874, -0.1015916839242, 0, 0.0028074961155653, 0.1015845015645, 0.99482291936874, 0, -1.5258788721439e-07, 3.7670133679057e-07, 0, 1, },
		{ 0.99998879432678, -0.0035124244168401, -0.0031597292982042, 0, 0.0030843883287162, 0.99195718765259, -0.12653642892838, 0, 0.0035787655506283, 0.1265252828598, 0.99195688962936, 0, -1.9073485191257e-07, 4.2438506397957e-07, 0, 1, },
		{ 0.9999834895134, -0.0042705973610282, -0.0038417929317802, 0, 0.0036296118050814, 0.98811817169189, -0.15365296602249, 0, 0.0044523356482387, 0.15363648533821, 0.98811739683151, 0, -1.9073485191257e-07, 4.7087667098822e-07, 0, 1, },
		{ 0.99997651576996, -0.0050879009068012, -0.0045770481228828, 0, 0.0041657909750938, 0.983149766922, -0.18275433778763, 0, 0.0054297600872815, 0.18273098766804, 0.98314797878265, 0, -2.2888183082159e-07, 5.1856039817721e-07, 0, 1, },
		{ 0.99996787309647, -0.0059603615663946, -0.0053619514219463, 0, 0.0046772807836533, 0.97690039873123, -0.21364404261112, 0, 0.0065114879980683, 0.21361210942268, 0.97689682245255, 0, -2.2888183082159e-07, 5.6505200518586e-07, 0, 1, },
		{ 0.99995714426041, -0.0068841283209622, -0.0061929379589856, 0, 0.0051483227871358, 0.96922677755356, -0.24611572921276, 0, 0.0076966537162662, 0.24607330560684, 0.9692205786705, 0, -2.6702880973062e-07, 6.1273573237486e-07, 0, 1, },
		{ 0.9999440908432, -0.0078550754114985, -0.0070664812810719, 0, 0.0055628754198551, 0.9599974155426, -0.27995356917381, 0, 0.0089828604832292, 0.27989864349365, 0.95998746156693, 0, -3.0517577442879e-07, 6.5922733938351e-07, 0, 1, },
		{ 0.99992883205414, -0.0088694179430604, -0.0079790409654379, 0, 0.0059054782614112, 0.94909536838531, -0.31493330001831, 0, 0.010366146452725, 0.31486377120018, 0.94908028841019, 0, -3.0517577442879e-07, 7.069110665725e-07, 0, 1, },
		{ 0.99991083145142, -0.0099231526255608, -0.0089270444586873, 0, 0.0061609875410795, 0.93642145395279, -0.35082316398621, 0, 0.011840748600662, 0.35073691606522, 0.936399102211, 0, -3.4332273912696e-07, 7.5340267358115e-07, 0, 1, },
		{ 0.99989026784897, -0.011012319475412, -0.009906948544085, 0, 0.0063151032663882, 0.92189627885818, -0.3873852789402, 0, 0.013399189338088, 0.38728016614914, 0.92186462879181, 0, -3.4332273912696e-07, 8.0108640077015e-07, 0, 1, },
		{ 0.99986678361893, -0.012132871896029, -0.010915227234364, 0, 0.0063545238226652, 0.90546262264252, -0.42437827587128, 0, 0.015032257884741, 0.42425239086151, 0.90541923046112, 0, -3.8146970382513e-07, 8.4757800777879e-07, 0, 1, },
		{ 0.99984043836594, -0.013281021267176, -0.011948307044804, 0, 0.0062675862573087, 0.88708752393723, -0.46155858039856, 0, 0.016729164868593, 0.46141004562378, 0.88702923059464, 0, -3.8146970382513e-07, 8.9526173496779e-07, 0, 1, },
		{ 0.99981099367142, -0.014452771283686, -0.013002648949623, 0, 0.0060440562665462, 0.86676281690598, -0.49868389964104, 0, 0.018477575853467, 0.49851107597351, 0.86668634414673, 0, -4.1961669694501e-07, 9.4175334197644e-07, 0, 1, },
		{ 0.99977850914001, -0.015644086524844, -0.01407471857965, 0, 0.0056755715049803, 0.84450662136078, -0.53551495075226, 0, 0.020263837650418, 0.5353165268898, 0.84440845251083, 0, -4.1961669694501e-07, 9.8943712600885e-07, 0, 1, },
		{ 0.99974304437637, -0.016851186752319, -0.015160946175456, 0, 0.0051561053842306, 0.82036352157593, -0.57181912660599, 0, 0.0220733191818, 0.57159405946732, 0.82023954391479, 0, -4.5776366164318e-07, 1.0359286761741e-06, 0, 1, },
		{ 0.99970453977585, -0.01807008497417, -0.016257764771581, 0, 0.0044817561283708, 0.79440426826477, -0.60737270116806, 0, 0.02389051578939, 0.60712039470673, 0.79425060749054, 0, -4.5776366164318e-07, 1.0836124602065e-06, 0, 1, },
		{ 0.99966299533844, -0.019296610727906, -0.01736169680953, 0, 0.0036508499179035, 0.76672583818436, -0.64196425676346, 0, 0.025699397549033, 0.64168453216553, 0.76653796434402, 0, -4.9591062634136e-07, 1.1301040103717e-06, 0, 1, },
		{ 0.99961870908737, -0.020527014508843, -0.018469145521522, 0, 0.0026646335609257, 0.73744916915894, -0.67539739608765, 0, 0.027483945712447, 0.67509061098099, 0.73722267150879, 0, -5.3405761946124e-07, 1.1777877944041e-06, 0, 1, },
		{ 0.99957156181335, -0.021757338196039, -0.019576588645577, 0, 0.0015266952104867, 0.70671927928925, -0.70749241113663, 0, 0.029228307306767, 0.70715939998627, 0.70644968748093, 0, -5.3405761946124e-07, 1.2254714647497e-06, 0, 1, },
		{ 0.99952185153961, -0.022983541712165, -0.02068037353456, 0, 0.00024318981741089, 0.67470234632492, -0.73808985948563, 0, 0.030917016789317, 0.73773199319839, 0.67438536882401, 0, -5.722045557377e-07, 1.2719631286018e-06, 0, 1, },
		{ 0.99946975708008, -0.024201828986406, -0.021777156740427, 0, -0.0011773452861235, 0.64158356189728, -0.76705223321915, 0, 0.032535932958126, 0.76667124032974, 0.64121496677399, 0, -5.722045557377e-07, 1.3196467989474e-06, 0, 1, },
		{ 0.99941557645798, -0.025408213958144, -0.022863205522299, 0, -0.002723895246163, 0.6075651049614, -0.79426521062851, 0, 0.034071747213602, 0.79386335611343, 0.60714089870453, 0, -6.1035154885758e-07, 1.3661384627994e-06, 0, 1, },
		{ 0.99935948848724, -0.026598572731018, -0.02393513917923, 0, -0.0043836338445544, 0.57286339998245, -0.81963908672333, 0, 0.035512801259756, 0.81921917200089, 0.57237988710403, 0, -6.1035154885758e-07, 1.413822133145e-06, 0, 1, },
		{ 0.99930185079575, -0.027769286185503, -0.024989211931825, 0, -0.0061412327922881, 0.5377060174942, -0.84311002492905, 0, 0.036849416792393, 0.84267491102219, 0.5371600985527, 0, -6.4849854197746e-07, 1.4603137969971e-06, 0, 1, },
		{ 0.99924302101135, -0.028916152194142, -0.026022005826235, 0, -0.0079802833497524, 0.50232887268066, -0.86463975906372, 0, 0.038073666393757, 0.86419296264648, 0.50171792507172, 0, -6.4849854197746e-07, 1.5079974673426e-06, 0, 1, },
		{ 0.999183177948, -0.030035361647606, -0.027030002325773, 0, -0.0098826996982098, 0.46697384119034, -0.88421589136124, 0, 0.039180051535368, 0.88376086950302, 0.46629565954208, 0, -6.8664547825392e-07, 1.5544891311947e-06, 0, 1, },
		{ 0.99912297725677, -0.031122915446758, -0.028009602800012, 0, -0.011829322203994, 0.43188551068306, -0.90185087919235, 0, 0.040165167301893, 0.90139126777649, 0.43113860487938, 0, -6.8664547825392e-07, 1.6021728015403e-06, 0, 1, },
		{ 0.99906259775162, -0.032175067812204, -0.028957219794393, 0, -0.013800097629428, 0.39730876684189, -0.91758120059967, 0, 0.041028197854757, 0.91712075471878, 0.39649239182472, 0, -7.247924713738e-07, 1.6486644653924e-06, 0, 1, },
		{ 0.99900263547897, -0.033187616616488, -0.029869383201003, 0, -0.015774805098772, 0.36348620057106, -0.93146598339081, 0, 0.041770249605179, 0.93100816011429, 0.3626002073288, 0, -7.247924713738e-07, 1.6963481357379e-06, 0, 1, },
		{ 0.99894350767136, -0.034156814217567, -0.030742581933737, 0, -0.017732793465257, 0.33065640926361, -0.94358456134796, 0, 0.042395081371069, 0.94313287734985, 0.3297013938427, 0, -7.6293940765026e-07, 1.74283979959e-06, 0, 1, },
		{ 0.99888563156128, -0.035078674554825, -0.031573172658682, 0, -0.019653420895338, 0.2990525662899, -0.9540342092514, 0, 0.042908295989037, 0.9535915851593, 0.29802992939949, 0, -8.0108640077015e-07, 1.7905234699356e-06, 0, 1, },
		{ 0.9988294839859, -0.03594933077693, -0.032357674092054, 0, -0.021516531705856, 0.26889950037003, -0.96292781829834, 0, 0.043317575007677, 0.96249711513519, 0.26781126856804, 0, -8.0108640077015e-07, 1.8370151337876e-06, 0, 1, },
		{ 0.99877578020096, -0.036764815449715, -0.033092558383942, 0, -0.02330244332552, 0.24041441082954, -0.97039061784744, 0, 0.043632160872221, 0.96997386217117, 0.23926340043545, 0, -8.3923339389003e-07, 1.8846988041332e-06, 0, 1, },
		{ 0.99872481822968, -0.037521205842495, -0.033774245530367, 0, -0.024992084130645, 0.21380546689034, -0.97655642032623, 0, 0.043862700462341, 0.97615540027618, 0.21259512007236, 0, -8.3923339389003e-07, 1.9311903542985e-06, 0, 1, },
		{ 0.9986771941185, -0.038214631378651, -0.034399211406708, 0, -0.026567285880446, 0.18927131593227, -0.98156535625458, 0, 0.044020943343639, 0.98118090629578, 0.18800568580627, 0, -8.7738033016649e-07, 1.9788742520177e-06, 0, 1, },
		{ 0.99863344430923, -0.038841161876917, -0.03496391326189, 0, -0.028010740876198, 0.16700127720833, -0.98555868864059, 0, 0.044119268655777, 0.9851912856102, 0.16568511724472, 0, -8.7738033016649e-07, 2.0253658021829e-06, 0, 1, },
		{ 0.99859404563904, -0.039396841078997, -0.035464804619551, 0, -0.029306087642908, 0.14717708528042, -0.98867583274841, 0, 0.044170320034027, 0.9883251786232, 0.14581559598446, 0, -9.1552732328637e-07, 2.0730494725285e-06, 0, 1, },
		{ 0.99855941534042, -0.03987779468298, -0.035898353904486, 0, -0.030437991023064, 0.12997055053711, -0.99105054140091, 0, 0.044186640530825, 0.99071562290192, 0.1285695284605, 0, -9.1552732328637e-07, 2.1195410226937e-06, 0, 1, },
		{ 0.99853014945984, -0.040280099958181, -0.036261010915041, 0, -0.031392015516758, 0.11554747819901, -0.99280577898026, 0, 0.044180184602737, 0.99248492717743, 0.11411317437887, 0, -9.5367431640625e-07, 2.167224920413e-06, 0, 1, },
		{ 0.9985066652298, -0.040599822998047, -0.036549255251884, 0, -0.032154712826014, 0.10406714677811, -0.99405032396317, 0, 0.044161844998598, 0.99374121427536, 0.10260627418756, 0, -9.5367431640625e-07, 2.2137164705782e-06, 0, 1, },
		{ 0.99848943948746, -0.040833059698343, -0.036759532988071, 0, -0.03271346911788, 0.095683574676514, -0.99487406015396, 0, 0.044141046702862, 0.99457389116287, 0.094203256070614, 0, -9.9182125268271e-07, 2.2614001409238e-06, 0, 1, },
		{ 0.99847882986069, -0.040975883603096, -0.036888293921947, 0, -0.03305658698082, 0.090546332299709, -0.99534344673157, 0, 0.04412517696619, 0.99504888057709, 0.089054092764854, 0, -9.9182125268271e-07, 2.307891691089e-06, 0, 1, },
		{ 0.99847531318665, -0.04102436080575, -0.036931999027729, 0, -0.033173214644194, 0.088802069425583, -0.99549674987793, 0, 0.044119257479906, 0.99520403146744, 0.087305769324303, 0, -1.0299681889592e-06, 2.3555755888083e-06, 0, 1, },
	},
}
end
