function data()
return {
	times = { 0, 41.667, 83.333, 125, 166.667, 208.333, 250, 291.667, 333.333, 375, 416.667, 458.333, 500, 541.667, 583.333, 625, 666.667, 708.333, 750, 791.667, 833.333, 875, 916.667, 958.333, 1000, 1041.667, 1083.333, 1125, 1166.667, 1208.333, 1250, 1291.667, 1333.333, 1375, 1416.667, 1458.333, 1500, 1541.667, 1583.333, 1625, 1666.667, 1708.333, 1750, 1791.667, 1833.333, 1875, 1916.667, 1958.333, 2000, 2041.667, 2083.333, },
	transfs = {
		{ 1, 0, 0, 0, 0, 1, 0, 0, 0, 0, 1, 0, 0, 0, 0, 1, },
		{ 1, -4.4316744606476e-05, 4.3618554627756e-05, 0, 4.4240103306947e-05, 0.99999839067459, 0.0017555017257109, 0, -4.3696287320927e-05, -0.0017554997466505, 0.99999839067459, 0, 3.8146971803599e-08, -4.7683712978142e-08, 0, 1, },
		{ 0.99999988079071, -0.00017487240256742, 0.00017211653175764, 0, 0.00017367594409734, 0.99997591972351, 0.0069270632229745, 0, -0.00017332375864498, -0.0069270324893296, 0.99997591972351, 0, 3.8146971803599e-08, -9.4175334197644e-08, 0, 1, },
		{ 0.99999988079071, -0.00038807370583527, 0.00038195715751499, 0, 0.00038215643144213, 0.99988168478012, 0.01537190657109, 0, -0.00038787742960267, -0.015371758490801, 0.99988168478012, 0, 7.6293943607197e-08, -1.4185904717579e-07, 0, 1, },
		{ 0.99999952316284, -0.00068032433046028, 0.00066960387630388, 0, 0.00066203426104039, 0.99963665008545, 0.026946075260639, 0, -0.00068769266363233, -0.026945618912578, 0.99963665008545, 0, 7.6293943607197e-08, -1.8835066839529e-07, 0, 1, },
		{ 0.99999886751175, -0.0010480392957106, 0.0010315203107893, 0, 0.0010043253423646, 0.99913787841797, 0.041503328830004, 0, -0.0010741280857474, -0.041502248495817, 0.99913775920868, 0, 1.144409154108e-07, -2.3603438137343e-07, 0, 1, },
		{ 0.9999977350235, -0.0014876150526106, 0.0014641685411334, 0, 0.0013988041318953, 0.99826323986053, 0.058893799781799, 0, -0.001549237058498, -0.058891624212265, 0.99826318025589, 0, 1.144409154108e-07, -2.8252600259293e-07, 0, 1, },
		{ 0.99999606609344, -0.001995442667976, 0.0019640133250505, 0, 0.0018341321265325, 0.99687588214874, 0.078962624073029, 0, -0.0021154431160539, -0.078958712518215, 0.99687558412552, 0, 1.5258788721439e-07, -3.3020972978193e-07, 0, 1, },
		{ 0.99999344348907, -0.0025679657701403, 0.0025275163352489, 0, 0.0022980333305895, 0.99482786655426, 0.10154860466719, 0, -0.0027752169407904, -0.10154212266207, 0.9948273897171, 0, 1.5258788721439e-07, -3.7670133679057e-07, 0, 1, },
		{ 0.99998992681503, -0.0032015752512962, 0.0031511390116066, 0, 0.0027773131150752, 0.99196487665176, 0.12648288905621, 0, -0.0035307635553181, -0.12647286057472, 0.99196380376816, 0, 1.9073485191257e-07, -4.2438506397957e-07, 0, 1, },
		{ 0.99998509883881, -0.0038926715496927, 0.0038313504774123, 0, 0.0032580632250756, 0.98812961578369, 0.15358804166317, 0, -0.0043837386183441, -0.15357327461243, 0.98812747001648, 0, 1.9073485191257e-07, -4.7087667098822e-07, 0, 1, },
		{ 0.9999788403511, -0.0046376208774745, 0.0045646070502698, 0, 0.0037257785443217, 0.98316586017609, 0.18267746269703, 0, -0.0053349547088146, -0.1826565861702, 0.98316222429276, 0, 2.2888183082159e-07, -5.1856039817721e-07, 0, 1, },
		{ 0.99997091293335, -0.0054329051636159, 0.0053473762236536, 0, 0.0041656903922558, 0.97692227363586, 0.21355454623699, 0, -0.0063841920346022, -0.21352607011795, 0.97691649198532, 0, 2.2888183082159e-07, -5.6505200518586e-07, 0, 1, },
		{ 0.9999612569809, -0.0062749078497291, 0.0061761145479977, 0, 0.0045627625659108, 0.96925568580627, 0.24601313471794, 0, -0.007529943715781, -0.24597541987896, 0.96924674510956, 0, 2.6702880973062e-07, -6.1273573237486e-07, 0, 1, },
		{ 0.99994951486588, -0.0071599306538701, 0.0070472909137607, 0, 0.0049019334837794, 0.96003478765488, 0.27983757853508, 0, -0.0087692635133862, -0.27978894114494, 0.96002149581909, 0, 3.0517577442879e-07, -6.5922733938351e-07, 0, 1, },
		{ 0.99993562698364, -0.0080845318734646, 0.0079573541879654, 0, 0.0051686991937459, 0.94914257526398, 0.31480398774147, 0, -0.010097706690431, -0.31474259495735, 0.94912332296371, 0, 3.0517577442879e-07, -7.069110665725e-07, 0, 1, },
		{ 0.99991941452026, -0.0090449722483754, 0.0089027937501669, 0, 0.0053488309495151, 0.93647986650467, 0.35068035125732, 0, -0.011509181931615, -0.35060447454453, 0.93645286560059, 0, 3.4332273912696e-07, -7.5340267358115e-07, 0, 1, },
		{ 0.99990081787109, -0.010037765838206, 0.0098800417035818, 0, 0.0054291905835271, 0.92196744680405, 0.38722929358482, 0, -0.012995993718505, -0.38713723421097, 0.92193049192429, 0, 3.4332273912696e-07, -8.0108640077015e-07, 0, 1, },
		{ 0.99987953901291, -0.011059152893722, 0.010885560885072, 0, 0.005397486500442, 0.90554803609848, 0.42420941591263, 0, -0.014548795297742, -0.42409956455231, 0.90549868345261, 0, 3.8146970382513e-07, -8.4757800777879e-07, 0, 1, },
		{ 0.999855697155, -0.012105737812817, 0.011915834620595, 0, 0.0052431258372962, 0.88718831539154, 0.46137762069702, 0, -0.01615690626204, -0.46124857664108, 0.88712376356125, 0, 3.8146970382513e-07, -8.9526173496779e-07, 0, 1, },
		{ 0.99982905387878, -0.013173832558095, 0.012967311777174, 0, 0.0049568894319236, 0.86688035726547, 0.49849146604538, 0, -0.017808152362704, -0.49834203720093, 0.86679756641388, 0, 4.1961669694501e-07, -9.4175334197644e-07, 0, 1, },
		{ 0.99979972839355, -0.014259775169194, 0.014036459848285, 0, 0.0045314272865653, 0.844642162323, 0.53531211614609, 0, -0.019489215686917, -0.53514134883881, 0.84453767538071, 0, 4.1961669694501e-07, -9.8943712600885e-07, 0, 1, },
		{ 0.99976772069931, -0.015360055491328, 0.015119737014174, 0, 0.003961578477174, 0.82051807641983, 0.57160687446594, 0, -0.021185928955674, -0.57141417264938, 0.82038825750351, 0, 4.5776366164318e-07, -1.0359286761741e-06, 0, 1, },
		{ 0.99973285198212, -0.016471114009619, 0.016213590279222, 0, 0.0032443418167531, 0.79457873106003, 0.60715252161026, 0, -0.022883450612426, -0.60693770647049, 0.79441982507706, 0, 4.5776366164318e-07, -1.0836124602065e-06, 0, 1, },
		{ 0.99969536066055, -0.017589094117284, 0.017314527183771, 0, 0.0023787848185748, 0.76692074537277, 0.64173746109009, 0, -0.024566449224949, -0.64150077104568, 0.76672893762589, 0, 4.9591062634136e-07, -1.1301040103717e-06, 0, 1, },
		{ 0.99965518712997, -0.018710659816861, 0.018418986350298, 0, 0.0013668154133484, 0.73766523599625, 0.67516523599625, 0, -0.026219833642244, -0.6749073266983, 0.73743653297424, 0, 5.3405761946124e-07, -1.1777877944041e-06, 0, 1, },
		{ 0.9996126294136, -0.019832216203213, 0.019523365423083, 0, 0.00021257098705973, 0.70695674419403, 0.70725667476654, 0, -0.027828643098474, -0.70697861909866, 0.70668721199036, 0, 5.3405761946124e-07, -1.2254714647497e-06, 0, 1, },
		{ 0.99956774711609, -0.020949844270945, 0.020624211058021, 0, -0.0010777553543448, 0.67496120929718, 0.73785239458084, 0, -0.029378436505795, -0.73755574226379, 0.67464691400528, 0, 5.722045557377e-07, -1.2719631286018e-06, 0, 1, },
		{ 0.99952071905136, -0.022060453891754, 0.021717997267842, 0, -0.0024950609076768, 0.6418639421463, 0.76681447029114, 0, -0.030856274068356, -0.76650112867355, 0.64150124788284, 0, 5.722045557377e-07, -1.3196467989474e-06, 0, 1, },
		{ 0.99947172403336, -0.023160099983215, 0.022801101207733, 0, -0.0040286127477884, 0.60786658525467, 0.79402893781662, 0, -0.032249819487333, -0.79370129108429, 0.6074520945549, 0, 6.1035154885758e-07, -1.3661384627994e-06, 0, 1, },
		{ 0.99942100048065, -0.024245290085673, 0.023870047181845, 0, -0.0056655029766262, 0.57318532466888, 0.81940621137619, 0, -0.033548701554537, -0.81906700134277, 0.57271599769592, 0, 6.1035154885758e-07, -1.413822133145e-06, 0, 1, },
		{ 0.99936890602112, -0.025312390178442, 0.024921324104071, 0, -0.007391125895083, 0.5380477309227, 0.84288191795349, 0, -0.034744217991829, -0.84253418445587, 0.53752106428146, 0, 6.4849854197746e-07, -1.4603137969971e-06, 0, 1, },
		{ 0.99931561946869, -0.026357877999544, 0.025951309129596, 0, -0.0091892369091511, 0.50268965959549, 0.86441802978516, 0, -0.035829681903124, -0.8640650510788, 0.50210344791412, 0, 6.4849854197746e-07, -1.5079974673426e-06, 0, 1, },
		{ 0.99926161766052, -0.027378104627132, 0.026956506073475, 0, -0.011042536236346, 0.4673525094986, 0.88400208950043, 0, -0.036800492554903, -0.88364696502686, 0.46670511364937, 0, 6.8664547825392e-07, -1.5544891311947e-06, 0, 1, },
		{ 0.9992071390152, -0.028369519859552, 0.027933480218053, 0, -0.012932766228914, 0.43228101730347, 0.90164613723755, 0, -0.037654384970665, -0.90129256248474, 0.43157133460045, 0, 6.8664547825392e-07, -1.6021728015403e-06, 0, 1, },
		{ 0.99915254116058, -0.029328625649214, 0.028878537937999, 0, -0.014840805903077, 0.39771950244904, 0.91738700866699, 0, -0.038391262292862, -0.91703814268112, 0.39694720506668, 0, 7.247924713738e-07, -1.6486644653924e-06, 0, 1, },
		{ 0.99909836053848, -0.030251665040851, 0.029788238927722, 0, -0.016747463494539, 0.36391121149063, 0.93128299713135, 0, -0.039013139903545, -0.93094223737717, 0.36307647824287, 0, 7.247924713738e-07, -1.6963481357379e-06, 0, 1, },
		{ 0.99904483556747, -0.031135179102421, 0.030659040436149, 0, -0.018633265048265, 0.33109459280968, 0.9434135556221, 0, -0.039524391293526, -0.94308376312256, 0.33019816875458, 0, 7.6293940765026e-07, -1.74283979959e-06, 0, 1, },
		{ 0.99899256229401, -0.03197555243969, 0.031487420201302, 0, -0.0204789750278, 0.2995021045208, 0.95387583971024, 0, -0.039931256324053, -0.95355957746506, 0.29854556918144, 0, 8.0108640077015e-07, -1.7905234699356e-06, 0, 1, },
		{ 0.99894177913666, -0.032769247889519, 0.032269768416882, 0, -0.022265624254942, 0.26935920119286, 0.96278238296509, 0, -0.040241811424494, -0.96248209476471, 0.26834452152252, 0, 8.0108640077015e-07, -1.8370151337876e-06, 0, 1, },
		{ 0.99889320135117, -0.033512655645609, 0.033002663403749, 0, -0.023974997922778, 0.24088315665722, 0.97025793790817, 0, -0.040465705096722, -0.96997535228729, 0.23981308937073, 0, 8.3923339389003e-07, -1.8846988041332e-06, 0, 1, },
		{ 0.9988471865654, -0.034202180802822, 0.033682484179735, 0, -0.0255893971771, 0.21428202092648, 0.97643649578094, 0, -0.040613811463118, -0.97617280483246, 0.21315978467464, 0, 8.3923339389003e-07, -1.9311903542985e-06, 0, 1, },
		{ 0.99880415201187, -0.034834329038858, 0.0343057513237, 0, -0.027092080563307, 0.18975423276424, 0.98145771026611, 0, -0.040698084980249, -0.98121345043182, 0.18858358263969, 0, 8.7738033016649e-07, -1.9788742520177e-06, 0, 1, },
		{ 0.9987645149231, -0.035405479371548, 0.03486892208457, 0, -0.028467126190662, 0.16749007999897, 0.98546266555786, 0, -0.040730979293585, -0.98523777723312, 0.16627526283264, 0, 8.7738033016649e-07, -2.0253658021829e-06, 0, 1, },
		{ 0.99872881174088, -0.035912066698074, 0.035368457436562, 0, -0.029699571430683, 0.14766944944859, 0.98859071731567, 0, -0.04072517156601, -0.9883845448494, 0.14641515910625, 0, 9.1552732328637e-07, -2.0730494725285e-06, 0, 1, },
		{ 0.99869763851166, -0.036350522190332, 0.035800822079182, 0, -0.030775260180235, 0.13046684861183, 0.99097490310669, 0, -0.040693275630474, -0.9907860159874, 0.12917822599411, 0, 9.1552732328637e-07, -2.1195410226937e-06, 0, 1, },
		{ 0.99867117404938, -0.036717277020216, 0.036162510514259, 0, -0.03168110921979, 0.11604630947113, 0.99273836612701, 0, -0.040647178888321, -0.99256485700607, 0.11472886055708, 0, 9.5367431640625e-07, -2.167224920413e-06, 0, 1, },
		{ 0.99864995479584, -0.037008754909039, 0.03644997254014, 0, -0.032404717057943, 0.10456788539886, 0.99398970603943, 0, -0.040597815066576, -0.99382883310318, 0.10322745889425, 0, 9.5367431640625e-07, -2.2137164705782e-06, 0, 1, },
		{ 0.99863439798355, -0.037221368402243, 0.036659669131041, 0, -0.0329345241189, 0.096185825765133, 0.99481838941574, 0, -0.040554642677307, -0.99466723203659, 0.094828605651855, 0, 9.9182125268271e-07, -2.2614001409238e-06, 0, 1, },
		{ 0.99862480163574, -0.037351578474045, 0.036788083612919, 0, -0.033259738236666, 0.091049514710903, 0.99529081583023, 0, -0.04052521660924, -0.99514555931091, 0.089681997895241, 0, 9.9182125268271e-07, -2.307891691089e-06, 0, 1, },
		{ 0.99862152338028, -0.037395775318146, 0.036831676959991, 0, -0.03337026014924, 0.089305505156517, 0.99544507265091, 0, -0.040514707565308, -0.99530202150345, 0.087934494018555, 0, 1.0299681889592e-06, -2.3555755888083e-06, 0, 1, },
	},
}
end
