function data()
return {
	times = { 0, 41.667, 83.333, 125, 166.667, 208.333, 250, 291.667, 333.333, 375, 416.667, 458.333, 500, 541.667, 583.333, 625, 666.667, 708.333, 750, 791.667, 833.333, 875, 916.667, 958.333, 1000, 1041.667, 1083.333, 1125, 1166.667, 1208.333, 1250, 1291.667, 1333.333, 1375, 1416.667, 1458.333, 1500, 1541.667, 1583.333, 1625, 1666.667, 1708.333, 1750, 1791.667, 1833.333, 1875, 1916.667, 1958.333, 2000, 2041.667, 2083.333, },
	transfs = {
		{ 1, 0, 0, 0, 0, 1, 0, 0, 0, 0, 1, 0, 0, 0, 0, 1, },
		{ 0.99999856948853, 0.0016906566452235, 0, 0, -0.0016906566452235, 0.99999856948853, 0, 0, 0, 0, 1, 0, 0, 0, 0, 1, },
		{ 0.99997770786285, 0.0066711939871311, 0, 0, -0.0066711939871311, 0.99997770786285, 0, 0, 0, 0, 1, 0, 0, 0, 0, 1, },
		{ 0.99989038705826, 0.014804137870669, 0, 0, -0.014804137870669, 0.99989038705826, 0, 0, 0, 0, 1, 0, 0, 0, 0, 1, },
		{ 0.99966323375702, 0.025950962677598, 0, 0, -0.025950962677598, 0.99966323375702, 0, 0, 0, 0, 1, 0, 0, 0, 0, 1, },
		{ 0.99920082092285, 0.039971120655537, 0, 0, -0.039971120655537, 0.99920082092285, 0, 0, 0, 0, 1, 0, 0, 0, 0, 1, },
		{ 0.99839007854462, 0.056720796972513, 0, 0, -0.056720796972513, 0.99839007854462, 0, 0, 0, 0, 1, 0, 0, 0, 0, 1, },
		{ 0.99710386991501, 0.076051771640778, 0, 0, -0.076051771640778, 0.99710386991501, 0, 0, 0, 0, 1, 0, 0, 0, 0, 1, },
		{ 0.9952050447464, 0.097810119390488, 0, 0, -0.097810119390488, 0.9952050447464, 0, 0, 0, 0, 1, 0, 0, 0, 0, 1, },
		{ 0.99255031347275, 0.12183512747288, 0, 0, -0.12183512747288, 0.99255031347275, 0, 0, 0, 0, 1, 0, 0, 0, 0, 1, },
		{ 0.98899358510971, 0.14795842766762, 0, 0, -0.14795842766762, 0.98899358510971, 0, 0, 0, 0, 1, 0, 0, 0, 0, 1, },
		{ 0.98438954353333, 0.1760034263134, 0, 0, -0.1760034263134, 0.98438954353333, 0, 0, 0, 0, 1, 0, 0, 0, 0, 1, },
		{ 0.97859728336334, 0.20578469336033, 0, 0, -0.20578469336033, 0.97859728336334, 0, 0, 0, 0, 1, 0, 0, 0, 0, 1, },
		{ 0.97148323059082, 0.23710811138153, 0, 0, -0.23710811138153, 0.97148323059082, 0, 0, 0, 0, 1, 0, 0, 0, 0, 1, },
		{ 0.96292448043823, 0.26977118849754, 0, 0, -0.26977118849754, 0.96292448043823, 0, 0, 0, 0, 1, 0, 0, 0, 0, 1, },
		{ 0.95281106233597, 0.30356383323669, 0, 0, -0.30356383323669, 0.95281106233597, 0, 0, 0, 0, 1, 0, 0, 0, 0, 1, },
		{ 0.94104939699173, 0.33826905488968, 0, 0, -0.33826905488968, 0.94104939699173, 0, 0, 0, 0, 1, 0, 0, 0, 0, 1, },
		{ 0.9275638461113, 0.37366464734077, 0, 0, -0.37366464734077, 0.9275638461113, 0, 0, 0, 0, 1, 0, 0, 0, 0, 1, },
		{ 0.91229891777039, 0.40952488780022, 0, 0, -0.40952488780022, 0.91229891777039, 0, 0, 0, 0, 1, 0, 0, 0, 0, 1, },
		{ 0.89522105455399, 0.44562229514122, 0, 0, -0.44562229514122, 0.89522105455399, 0, 0, 0, 0, 1, 0, 0, 0, 0, 1, },
		{ 0.87631958723068, 0.48173010349274, 0, 0, -0.48173010349274, 0.87631958723068, 0, 0, 0, 0, 1, 0, 0, 0, 0, 1, },
		{ 0.85560810565948, 0.51762413978577, 0, 0, -0.51762413978577, 0.85560810565948, 0, 0, 0, 0, 1, 0, 0, 0, 0, 1, },
		{ 0.83312404155731, 0.55308622121811, 0, 0, -0.55308622121811, 0.83312404155731, 0, 0, 0, 0, 1, 0, 0, 0, 0, 1, },
		{ 0.80892926454544, 0.58790582418442, 0, 0, -0.58790582418442, 0.80892926454544, 0, 0, 0, 0, 1, 0, 0, 0, 0, 1, },
		{ 0.78310996294022, 0.62188327312469, 0, 0, -0.62188327312469, 0.78310996294022, 0, 0, 0, 0, 1, 0, 0, 0, 0, 1, },
		{ 0.75577455759048, 0.65483182668686, 0, 0, -0.65483182668686, 0.75577455759048, 0, 0, 0, 0, 1, 0, 0, 0, 0, 1, },
		{ 0.72705405950546, 0.68658018112183, 0, 0, -0.68658018112183, 0.72705405950546, 0, 0, 0, 0, 1, 0, 0, 0, 0, 1, },
		{ 0.69709920883179, 0.71697467565536, 0, 0, -0.71697467565536, 0.69709920883179, 0, 0, 0, 0, 1, 0, 0, 0, 0, 1, },
		{ 0.66607964038849, 0.74588066339493, 0, 0, -0.74588066339493, 0.66607964038849, 0, 0, 0, 0, 1, 0, 0, 0, 0, 1, },
		{ 0.63418048620224, 0.77318495512009, 0, 0, -0.77318495512009, 0.63418048620224, 0, 0, 0, 0, 1, 0, 0, 0, 0, 1, },
		{ 0.60160106420517, 0.79879665374756, 0, 0, -0.79879665374756, 0.60160106420517, 0, 0, 0, 0, 1, 0, 0, 0, 0, 1, },
		{ 0.56855273246765, 0.82264679670334, 0, 0, -0.82264679670334, 0.56855273246765, 0, 0, 0, 0, 1, 0, 0, 0, 0, 1, },
		{ 0.53525495529175, 0.84469056129456, 0, 0, -0.84469056129456, 0.53525495529175, 0, 0, 0, 0, 1, 0, 0, 0, 0, 1, },
		{ 0.50193357467651, 0.86490613222122, 0, 0, -0.86490613222122, 0.50193357467651, 0, 0, 0, 0, 1, 0, 0, 0, 0, 1, },
		{ 0.46881893277168, 0.88329428434372, 0, 0, -0.88329428434372, 0.46881893277168, 0, 0, 0, 0, 1, 0, 0, 0, 0, 1, },
		{ 0.43614202737808, 0.899877846241, 0, 0, -0.899877846241, 0.43614202737808, 0, 0, 0, 0, 1, 0, 0, 0, 0, 1, },
		{ 0.40413382649422, 0.91469985246658, 0, 0, -0.91469985246658, 0.40413382649422, 0, 0, 0, 0, 1, 0, 0, 0, 0, 1, },
		{ 0.37302213907242, 0.92782241106033, 0, 0, -0.92782241106033, 0.37302213907242, 0, 0, 0, 0, 1, 0, 0, 0, 0, 1, },
		{ 0.34303084015846, 0.93932414054871, 0, 0, -0.93932414054871, 0.34303084015846, 0, 0, 0, 0, 1, 0, 0, 0, 0, 1, },
		{ 0.31437793374062, 0.94929784536362, 0, 0, -0.94929784536362, 0.31437793374062, 0, 0, 0, 0, 1, 0, 0, 0, 0, 1, },
		{ 0.28727412223816, 0.95784842967987, 0, 0, -0.95784842967987, 0.28727412223816, 0, 0, 0, 0, 1, 0, 0, 0, 0, 1, },
		{ 0.26192352175713, 0.96508860588074, 0, 0, -0.96508860588074, 0.26192352175713, 0, 0, 0, 0, 1, 0, 0, 0, 0, 1, },
		{ 0.23852135241032, 0.97113716602325, 0, 0, -0.97113716602325, 0.23852135241032, 0, 0, 0, 0, 1, 0, 0, 0, 0, 1, },
		{ 0.21725490689278, 0.97611492872238, 0, 0, -0.97611492872238, 0.21725490689278, 0, 0, 0, 0, 1, 0, 0, 0, 0, 1, },
		{ 0.19830395281315, 0.98014056682587, 0, 0, -0.98014056682587, 0.19830395281315, 0, 0, 0, 0, 1, 0, 0, 0, 0, 1, },
		{ 0.18184089660645, 0.98332798480988, 0, 0, -0.98332798480988, 0.18184089660645, 0, 0, 0, 0, 1, 0, 0, 0, 0, 1, },
		{ 0.16802912950516, 0.98578202724457, 0, 0, -0.98578202724457, 0.16802912950516, 0, 0, 0, 0, 1, 0, 0, 0, 0, 1, },
		{ 0.15702810883522, 0.98759412765503, 0, 0, -0.98759412765503, 0.15702810883522, 0, 0, 0, 0, 1, 0, 0, 0, 0, 1, },
		{ 0.148990213871, 0.98883861303329, 0, 0, -0.98883861303329, 0.148990213871, 0, 0, 0, 0, 1, 0, 0, 0, 0, 1, },
		{ 0.14406360685825, 0.98956841230392, 0, 0, -0.98956841230392, 0.14406360685825, 0, 0, 0, 0, 1, 0, 0, 0, 0, 1, },
		{ 0.14239032566547, 0.98981058597565, 0, 0, -0.98981058597565, 0.14239032566547, 0, 0, 0, 0, 1, 0, 0, 0, 0, 1, },
	},
}
end
