function data()
return {
	times = { 0, 41.667, 83.333, 125, 166.667, 208.333, 250, 291.667, 333.333, 375, 416.667, 458.333, 500, 541.667, 583.333, 625, 666.667, 708.333, 750, 791.667, 833.333, 875, 916.667, 958.333, 1000, 1041.667, 1083.333, 1125, 1166.667, 1208.333, 1250, 1291.667, 1333.333, 1375, 1416.667, 1458.333, 1500, 1541.667, 1583.333, 1625, 1666.667, 1708.333, 1750, 1791.667, 1833.333, 1875, 1916.667, 1958.333, 2000, 2041.667, 2083.333, },
	transfs = {
		{ 1, 0, 0, 0, 0, 1, 0, 0, 0, 0, 1, 0, 0, 0, 0, 1, },
		{ 0.99999856948853, 0.0016906564123929, 0, 0, -0.0016906564123929, 0.99999856948853, 0, 0, 0, 0, 1, 0, 0, 0, 0, 1, },
		{ 0.99997770786285, 0.0066711930558085, 0, 0, -0.0066711930558085, 0.99997770786285, 0, 0, 0, 0, 1, 0, 0, 0, 0, 1, },
		{ 0.99989038705826, 0.014804136008024, 0, 0, -0.014804136008024, 0.99989038705826, 0, 0, 0, 0, 1, 0, 0, 0, 0, 1, },
		{ 0.99966323375702, 0.025950962677598, 0, 0, -0.025950962677598, 0.99966323375702, 0, 0, 0, 0, 1, 0, 0, 0, 0, 1, },
		{ 0.99920082092285, 0.039971116930246, 0, 0, -0.039971116930246, 0.99920082092285, 0, 0, 0, 0, 1, 0, 0, 0, 0, 1, },
		{ 0.99839007854462, 0.056720793247223, 0, 0, -0.056720793247223, 0.99839007854462, 0, 0, 0, 0, 1, 0, 0, 0, 0, 1, },
		{ 0.99710386991501, 0.076051756739616, 0, 0, -0.076051756739616, 0.99710386991501, 0, 0, 0, 0, 1, 0, 0, 0, 0, 1, },
		{ 0.9952050447464, 0.097810104489326, 0, 0, -0.097810104489326, 0.9952050447464, 0, 0, 0, 0, 1, 0, 0, 0, 0, 1, },
		{ 0.99255031347275, 0.1218351200223, 0, 0, -0.1218351200223, 0.99255031347275, 0, 0, 0, 0, 1, 0, 0, 0, 0, 1, },
		{ 0.98899358510971, 0.14795842766762, 0, 0, -0.14795842766762, 0.98899358510971, 0, 0, 0, 0, 1, 0, 0, 0, 0, 1, },
		{ 0.98438954353333, 0.17600339651108, 0, 0, -0.17600339651108, 0.98438954353333, 0, 0, 0, 0, 1, 0, 0, 0, 0, 1, },
		{ 0.97859728336334, 0.20578463375568, 0, 0, -0.20578463375568, 0.97859728336334, 0, 0, 0, 0, 1, 0, 0, 0, 0, 1, },
		{ 0.97148323059082, 0.23710809648037, 0, 0, -0.23710809648037, 0.97148323059082, 0, 0, 0, 0, 1, 0, 0, 0, 0, 1, },
		{ 0.96292448043823, 0.2697711288929, 0, 0, -0.2697711288929, 0.96292448043823, 0, 0, 0, 0, 1, 0, 0, 0, 0, 1, },
		{ 0.95281106233597, 0.30356380343437, 0, 0, -0.30356380343437, 0.95281106233597, 0, 0, 0, 0, 1, 0, 0, 0, 0, 1, },
		{ 0.94104939699173, 0.33826902508736, 0, 0, -0.33826902508736, 0.94104939699173, 0, 0, 0, 0, 1, 0, 0, 0, 0, 1, },
		{ 0.9275638461113, 0.37366455793381, 0, 0, -0.37366455793381, 0.9275638461113, 0, 0, 0, 0, 1, 0, 0, 0, 0, 1, },
		{ 0.91229891777039, 0.40952488780022, 0, 0, -0.40952488780022, 0.91229891777039, 0, 0, 0, 0, 1, 0, 0, 0, 0, 1, },
		{ 0.89522105455399, 0.44562229514122, 0, 0, -0.44562229514122, 0.89522105455399, 0, 0, 0, 0, 1, 0, 0, 0, 0, 1, },
		{ 0.87631958723068, 0.48173010349274, 0, 0, -0.48173010349274, 0.87631958723068, 0, 0, 0, 0, 1, 0, 0, 0, 0, 1, },
		{ 0.85560816526413, 0.51762402057648, 0, 0, -0.51762402057648, 0.85560816526413, 0, 0, 0, 0, 1, 0, 0, 0, 0, 1, },
		{ 0.83312410116196, 0.55308610200882, 0, 0, -0.55308610200882, 0.83312410116196, 0, 0, 0, 0, 1, 0, 0, 0, 0, 1, },
		{ 0.80892938375473, 0.58790576457977, 0, 0, -0.58790576457977, 0.80892938375473, 0, 0, 0, 0, 1, 0, 0, 0, 0, 1, },
		{ 0.78310996294022, 0.62188321352005, 0, 0, -0.62188321352005, 0.78310996294022, 0, 0, 0, 0, 1, 0, 0, 0, 0, 1, },
		{ 0.75577473640442, 0.65483170747757, 0, 0, -0.65483170747757, 0.75577473640442, 0, 0, 0, 0, 1, 0, 0, 0, 0, 1, },
		{ 0.72705417871475, 0.68658000230789, 0, 0, -0.68658000230789, 0.72705417871475, 0, 0, 0, 0, 1, 0, 0, 0, 0, 1, },
		{ 0.69709938764572, 0.71697437763214, 0, 0, -0.71697437763214, 0.69709938764572, 0, 0, 0, 0, 1, 0, 0, 0, 0, 1, },
		{ 0.66607981920242, 0.74588042497635, 0, 0, -0.74588042497635, 0.66607981920242, 0, 0, 0, 0, 1, 0, 0, 0, 0, 1, },
		{ 0.63418054580688, 0.77318489551544, 0, 0, -0.77318489551544, 0.63418054580688, 0, 0, 0, 0, 1, 0, 0, 0, 0, 1, },
		{ 0.60160118341446, 0.79879647493362, 0, 0, -0.79879647493362, 0.60160118341446, 0, 0, 0, 0, 1, 0, 0, 0, 0, 1, },
		{ 0.56855303049088, 0.82264655828476, 0, 0, -0.82264655828476, 0.56855303049088, 0, 0, 0, 0, 1, 0, 0, 0, 0, 1, },
		{ 0.53525519371033, 0.84469032287598, 0, 0, -0.84469032287598, 0.53525519371033, 0, 0, 0, 0, 1, 0, 0, 0, 0, 1, },
		{ 0.50193381309509, 0.86490595340729, 0, 0, -0.86490595340729, 0.50193381309509, 0, 0, 0, 0, 1, 0, 0, 0, 0, 1, },
		{ 0.46881884336472, 0.88329416513443, 0, 0, -0.88329416513443, 0.46881884336472, 0, 0, 0, 0, 1, 0, 0, 0, 0, 1, },
		{ 0.43614214658737, 0.89987766742706, 0, 0, -0.89987766742706, 0.43614214658737, 0, 0, 0, 0, 1, 0, 0, 0, 0, 1, },
		{ 0.4041340649128, 0.91469967365265, 0, 0, -0.91469967365265, 0.4041340649128, 0, 0, 0, 0, 1, 0, 0, 0, 0, 1, },
		{ 0.37302249670029, 0.92782217264175, 0, 0, -0.92782217264175, 0.37302249670029, 0, 0, 0, 0, 1, 0, 0, 0, 0, 1, },
		{ 0.34303104877472, 0.93932396173477, 0, 0, -0.93932396173477, 0.34303104877472, 0, 0, 0, 0, 1, 0, 0, 0, 0, 1, },
		{ 0.31437832117081, 0.94929766654968, 0, 0, -0.94929766654968, 0.31437832117081, 0, 0, 0, 0, 1, 0, 0, 0, 0, 1, },
		{ 0.28727421164513, 0.95784831047058, 0, 0, -0.95784831047058, 0.28727421164513, 0, 0, 0, 0, 1, 0, 0, 0, 0, 1, },
		{ 0.2619237601757, 0.9650884270668, 0, 0, -0.9650884270668, 0.2619237601757, 0, 0, 0, 0, 1, 0, 0, 0, 0, 1, },
		{ 0.23852132260799, 0.97113716602325, 0, 0, -0.97113716602325, 0.23852132260799, 0, 0, 0, 0, 1, 0, 0, 0, 0, 1, },
		{ 0.21725527942181, 0.97611474990845, 0, 0, -0.97611474990845, 0.21725527942181, 0, 0, 0, 0, 1, 0, 0, 0, 0, 1, },
		{ 0.19830448925495, 0.98014038801193, 0, 0, -0.98014038801193, 0.19830448925495, 0, 0, 0, 0, 1, 0, 0, 0, 0, 1, },
		{ 0.18184101581573, 0.98332780599594, 0, 0, -0.98332780599594, 0.18184101581573, 0, 0, 0, 0, 1, 0, 0, 0, 0, 1, },
		{ 0.168029114604, 0.98578196763992, 0, 0, -0.98578196763992, 0.168029114604, 0, 0, 0, 0, 1, 0, 0, 0, 0, 1, },
		{ 0.15702836215496, 0.98759400844574, 0, 0, -0.98759400844574, 0.15702836215496, 0, 0, 0, 0, 1, 0, 0, 0, 0, 1, },
		{ 0.14899086952209, 0.98883843421936, 0, 0, -0.98883843421936, 0.14899086952209, 0, 0, 0, 0, 1, 0, 0, 0, 0, 1, },
		{ 0.14406399428844, 0.98956823348999, 0, 0, -0.98956823348999, 0.14406399428844, 0, 0, 0, 0, 1, 0, 0, 0, 0, 1, },
		{ 0.14239057898521, 0.98981046676636, 0, 0, -0.98981046676636, 0.14239057898521, 0, 0, 0, 0, 1, 0, 0, 0, 0, 1, },
	},
}
end
