function data()
return {
	times = { 0, 41.667, 83.333, 125, 166.667, 208.333, 250, 291.667, 333.333, 375, 416.667, 458.333, 500, 541.667, 583.333, 625, 666.667, 708.333, 750, 791.667, 833.333, 875, 916.667, 958.333, 1000, 1041.667, 1083.333, 1125, 1166.667, 1208.333, 1250, 2083.333, },
	transfs = {
		{ 1.0000001192093, 4.6566124289882e-09, 3.7252902984619e-09, 0, -5.5879354476929e-09, 1, -5.9604644775391e-08, 0, 3.7252902984619e-09, 5.9604644775391e-08, 1, 0, 0, 7.6293943607197e-08, -1.5258788721439e-07, 1.0000002384186, },
		{ 1, -0.00015412548964377, 0.00019234418869019, 0, 0.00015333853662014, 0.99999177455902, 0.0040706992149353, 0, -0.00019296258687973, -0.0040706694126129, 0.99999177455902, 0, 0, 7.6293943607197e-08, -1.5258788721439e-07, 1.0000002384186, },
		{ 0.99999958276749, -0.00060249958187342, 0.00075193122029305, 0, 0.00059045292437077, 0.99987334012985, 0.015912294387817, 0, -0.00076141953468323, -0.015911847352982, 0.99987316131592, 0, 0, 7.6293943607197e-08, -1.5258788721439e-07, 1.0000002384186, },
		{ 0.99999785423279, -0.0013240622356534, 0.0016525872051716, 0, 0.0012654699385166, 0.99938774108887, 0.034965962171555, 0, -0.0016978679923341, -0.034963816404343, 0.99938714504242, 0, 0, 7.6293943607197e-08, -1.5258788721439e-07, 1.0000002384186, },
		{ 0.99999326467514, -0.0022977283224463, 0.0028681270778179, 0, 0.0021195271983743, 0.99815630912781, 0.060659315437078, 0, -0.0030022114515305, -0.06065284833312, 0.99815446138382, 0, 0, 7.6293943607197e-08, -1.5258788721439e-07, 1.0000002384186, },
		{ 0.99998444318771, -0.003502456471324, 0.0043724104762077, 0, 0.0030834951903671, 0.99571740627289, 0.092398256063461, 0, -0.0046772956848145, -0.092383295297623, 0.99571251869202, 0, 0, 7.6293943607197e-08, -1.5258788721439e-07, 1.0000002384186, },
		{ 0.99996906518936, -0.0049171112477779, 0.0061392369680107, 0, 0.004080394282937, 0.99156385660172, 0.12955439090729, 0, -0.0067244693636894, -0.12952533364296, 0.99155324697495, 0, 0, 7.6293943607197e-08, -1.5258788721439e-07, 1.0000002384186, },
		{ 0.99994558095932, -0.0065206396393478, 0.008142463862896, 0, 0.0050281621515751, 0.98517835140228, 0.1714594066143, 0, -0.0091397985816002, -0.17140913009644, 0.9851576089859, 0, 0, 7.6293943607197e-08, -1.5258788721439e-07, 1.0000002384186, },
		{ 0.99991196393967, -0.008291938342154, 0.010355912148952, 0, 0.0058426093310118, 0.97606515884399, 0.21739979088306, 0, -0.011910703033209, -0.21732026338577, 0.97602772712708, 0, 0, 7.6293943607197e-08, -1.5258788721439e-07, 1.0000002384186, },
		{ 0.99986654520035, -0.010209901258349, 0.012753347866237, 0, 0.0064407046884298, 0.96378099918365, 0.26661691069603, 0, -0.015013560652733, -0.26649916172028, 0.96371823549271, 0, 0, 7.6293943607197e-08, -1.5258788721439e-07, 1.0000002384186, },
		{ 0.9998077750206, -0.01225346326828, 0.015308544971049, 0, 0.0067441985011101, 0.94796174764633, 0.3183129131794, 0, -0.018412347882986, -0.31814846396446, 0.94786214828491, 0, 0, 7.6293943607197e-08, -1.5258788721439e-07, 1.0000002384186, },
		{ 0.99973434209824, -0.01440154761076, 0.017995238304138, 0, 0.006683228071779, 0.9283441901207, 0.37166160345078, 0, -0.02205827459693, -0.37144258618355, 0.92819398641586, 0, 0, 7.6293943607197e-08, -1.5258788721439e-07, 1.0000002384186, },
		{ 0.99964559078217, -0.016633115708828, 0.020787160843611, 0, 0.0061999578028917, 0.90478557348251, 0.42582243680954, 0, -0.025890665128827, -0.42554265260696, 0.90456801652908, 0, 0, 7.6293943607197e-08, -1.5258788721439e-07, 1.0000002384186, },
		{ 0.99954092502594, -0.018927101045847, 0.023658003658056, 0, 0.0052517987787724, 0.87727493047714, 0.47995960712433, 0, -0.029838807880878, -0.47961515188217, 0.87697160243988, 0, 0, 7.6293943607197e-08, -1.5258788721439e-07, 1.0000002384186, },
		{ 0.99942058324814, -0.021262492984533, 0.026581427082419, 0, 0.0038141086697578, 0.84594070911407, 0.53326350450516, 0, -0.033824808895588, -0.53285312652588, 0.84553146362305, 0, 0, 7.6293943607197e-08, -1.5258788721439e-07, 1.0000002384186, },
		{ 0.99928480386734, -0.023618273437023, 0.029531132429838, 0, 0.0018820761470124, 0.8110511302948, 0.58497232198715, 0, -0.03776727616787, -0.58449846506119, 0.81051540374756, 0, 0, 7.6293943607197e-08, -1.5258788721439e-07, 1.0000002384186, },
		{ 0.99913489818573, -0.02597344852984, 0.032480753958225, 0, -0.00052835792303085, 0.773009121418, 0.63439464569092, 0, -0.041585326194763, -0.63386303186417, 0.77232664823532, 0, 0, 7.6293943607197e-08, -1.5258788721439e-07, 1.0000002384186, },
		{ 0.9989720582962, -0.028307069092989, 0.035403963178396, 0, -0.003380574285984, 0.73234224319458, 0.68092840909958, 0, -0.045202892273664, -0.68034815788269, 0.7314937710762, 0, 0, 7.6293943607197e-08, -1.5258788721439e-07, 1.0000002384186, },
		{ 0.9987987279892, -0.030598184093833, 0.038274455815554, 0, -0.0066185295581818, 0.68968576192856, 0.72407853603363, 0, -0.048552826046944, -0.72346210479736, 0.68865472078323, 0, 0, 7.6293943607197e-08, -1.5258788721439e-07, 1.0000002384186, },
		{ 0.99861705303192, -0.032825872302055, 0.041065908968449, 0, -0.010168751701713, 0.64576554298401, 0.76346802711487, 0, -0.05158044397831, -0.7628298997879, 0.64453876018524, 0, 0, 7.6293943607197e-08, -1.5258788721439e-07, 1.0000002384186, },
		{ 0.9984302520752, -0.034969236701727, 0.043752051889896, 0, -0.013943340629339, 0.60137557983398, 0.79884481430054, 0, -0.05424640327692, -0.79820090532303, 0.59994399547577, 0, 0, 7.6293943607197e-08, -1.5258788721439e-07, 1.0000002384186, },
		{ 0.99824154376984, -0.037007372826338, 0.046306598931551, 0, -0.017843311652541, 0.55735671520233, 0.83008146286011, 0, -0.05652841553092, -0.82944810390472, 0.55571627616882, 0, 0, 7.6293943607197e-08, -1.5258788721439e-07, 1.0000002384186, },
		{ 0.99805480241776, -0.038919445127249, 0.048703327775002, 0, -0.021762423217297, 0.51457393169403, 0.85716980695724, 0, -0.058422021567822, -0.85656243562698, 0.51272594928741, 0, 0, 7.6293943607197e-08, -1.5258788721439e-07, 1.0000002384186, },
		{ 0.99787396192551, -0.040684588253498, 0.050916027277708, 0, -0.025590736418962, 0.47389814257622, 0.88020777702332, 0, -0.05993989109993, -0.87963938713074, 0.471849411726, 0, 0, 7.6293943607197e-08, -1.5258788721439e-07, 1.0000002384186, },
		{ 0.99770331382751, -0.042281985282898, 0.052918534725904, 0, -0.029218202456832, 0.43618705868721, 0.8993815779686, 0, -0.061110012233257, -0.89886224269867, 0.43394985795021, 0, 0, 7.6293943607197e-08, -1.5258788721439e-07, 1.0000002384186, },
		{ 0.99754744768143, -0.043690778315067, 0.054684676229954, 0, -0.032537389546633, 0.40227398276329, 0.91494107246399, 0, -0.061972688883543, -0.91447633504868, 0.39986571669579, 0, 0, 7.6293943607197e-08, -1.5258788721439e-07, 1.0000002384186, },
		{ 0.99741053581238, -0.044890150427818, 0.056188307702541, 0, -0.035445969551802, 0.3729555606842, 0.9271719455719, 0, -0.062576614320278, -0.92676270008087, 0.37039861083031, 0, 0, 7.6293943607197e-08, -1.5258788721439e-07, 1.0000002384186, },
		{ 0.9972972869873, -0.045859280973673, 0.057403299957514, 0, -0.037848323583603, 0.3489870429039, 0.93636298179626, 0, -0.06297393143177, -0.93600487709045, 0.34630808234215, 0, 0, 7.6293943607197e-08, -1.5258788721439e-07, 1.0000002384186, },
		{ 0.99721169471741, -0.046577356755733, 0.058303534984589, 0, -0.039656672626734, 0.33107757568359, 0.94276994466782, 0, -0.063214711844921, -0.94245344400406, 0.32830733060837, 0, 0, 7.6293943607197e-08, -1.5258788721439e-07, 1.0000002384186, },
		{ 0.99715793132782, -0.047023493796587, 0.058862876147032, 0, -0.040791850537062, 0.31988897919655, 0.94657653570175, 0, -0.063340909779072, -0.94628751277924, 0.31706163287163, 0, 0, 7.6293943607197e-08, -1.5258788721439e-07, 1.0000002384186, },
		{ 0.99713933467865, -0.047176867723465, 0.059055134654045, 0, -0.041184041649103, 0.31603243947029, 0.94785410165787, 0, -0.063380114734173, -0.94757479429245, 0.31318542361259, 0, 0, 7.6293943607197e-08, -1.5258788721439e-07, 1.0000002384186, },
		{ 0.99713933467865, -0.047176867723465, 0.059055134654045, 0, -0.041184041649103, 0.31603243947029, 0.94785410165787, 0, -0.063380114734173, -0.94757479429245, 0.31318542361259, 0, 0, 7.6293943607197e-08, -1.5258788721439e-07, 1.0000002384186, },
	},
}
end
