function data()
return {
	times = { 0, 41.667, 83.333, 125, 166.667, 208.333, 250, 291.667, 333.333, 375, 416.667, 458.333, 500, 541.667, 583.333, 625, 666.667, 708.333, 750, 791.667, 833.333, 875, 916.667, 958.333, 1000, 1041.667, 1083.333, 1125, 1166.667, 1208.333, 1250, 2083.333, },
	transfs = {
		{ 1, 1.862645149231e-09, 0, 0, 3.7252902984619e-09, 1, 2.9802322387695e-08, 0, -3.7252902984619e-09, 0, 1, 0, 0, -3.8146971803599e-08, -1.5258788721439e-07, 1, },
		{ 1, 0.00013646110892296, 0.00022277608513832, 0, -0.00013559311628342, 0.99999237060547, -0.0039142966270447, 0, -0.000223308801651, 0.003914266359061, 0.99999237060547, 0, 0, -3.8146971803599e-08, -1.5258788721439e-07, 1, },
		{ 0.99999940395355, 0.00053340010344982, 0.00087087601423264, 0, -0.00052001693984494, 0.99988281726837, -0.015301345847547, 0, -0.00087894120952114, 0.015300840139389, 0.99988251924515, 0, 0, -3.8146971803599e-08, -1.5258788721439e-07, 1, },
		{ 0.99999755620956, 0.0011722221970558, 0.0019139386713505, 0, -0.0011072084307671, 0.99943399429321, -0.03362300992012, 0, -0.0019522719085217, 0.033620830625296, 0.99943268299103, 0, 0, -3.8146971803599e-08, -1.5258788721439e-07, 1, },
		{ 0.99999243021011, 0.0020341835916042, 0.003321680938825, 0, -0.0018369684694335, 0.998295545578, -0.058331754058599, 0, -0.0034346729516983, 0.058325227349997, 0.99829173088074, 0, 0, -3.8146971803599e-08, -1.5258788721439e-07, 1, },
		{ 0.99998235702515, 0.0031006224453449, 0.0050638243556023, 0, -0.0026384347584099, 0.99604076147079, -0.088858515024185, 0, -0.0053192898631096, 0.088843613862991, 0.99603134393692, 0, 0, -3.8146971803599e-08, -1.5258788721439e-07, 1, },
		{ 0.99996531009674, 0.0043528489768505, 0.0071100401692092, 0, -0.0034330748021603, 0.99220043420792, -0.12460500001907, 0, -0.0075969691388309, 0.12457627058029, 0.99218094348907, 0, 0, -3.8146971803599e-08, -1.5258788721439e-07, 1, },
		{ 0.99993890523911, 0.0057721384800971, 0.0094300024211407, 0, -0.0041379383765161, 0.98629558086395, -0.1649366915226, 0, -0.010252803564072, 0.16488760709763, 0.98625904321671, 0, 0, -3.8146971803599e-08, -1.5258788721439e-07, 1, },
		{ 0.99990105628967, 0.0073397881351411, 0.01199337746948, 0, -0.0046690348535776, 0.97786623239517, -0.20917861163616, 0, -0.013263246975839, 0.2091019153595, 0.97780394554138, 0, 0, -3.8146971803599e-08, -1.5258788721439e-07, 1, },
		{ 0.99985015392303, 0.0090371100232005, 0.014769803732634, 0, -0.0049449559301138, 0.96650087833405, -0.25661569833755, 0, -0.016594093292952, 0.25650414824486, 0.96640056371689, 0, 0, -3.8146971803599e-08, -1.5258788721439e-07, 1, },
		{ 0.99978399276733, 0.010845455341041, 0.017728932201862, 0, -0.0048905182629824, 0.95185869932175, -0.3064980506897, 0, -0.020199552178383, 0.30634507536888, 0.95170617103577, 0, 0, -3.8146971803599e-08, -1.5258788721439e-07, 1, },
		{ 0.99970155954361, 0.012746109627187, 0.020840276032686, 0, -0.0044404380023479, 0.9336923956871, -0.35804870724678, 0, -0.02402213960886, 0.35784921050072, 0.93347030878067, 0, 0, -3.8146971803599e-08, -1.5258788721439e-07, 1, },
		{ 0.9996018409729, 0.01472045108676, 0.02407344058156, 0, -0.0035428106784821, 0.91186314821243, -0.41047897934914, 0, -0.027994118630886, 0.41023021936417, 0.91155219078064, 0, 0, -3.8146971803599e-08, -1.5258788721439e-07, 1, },
		{ 0.99948418140411, 0.01674984022975, 0.02739792317152, 0, -0.0021620653569698, 0.88635385036469, -0.46300357580185, 0, -0.032039489597082, 0.46270549297333, 0.88593292236328, 0, 0, -3.8146971803599e-08, -1.5258788721439e-07, 1, },
		{ 0.99934887886047, 0.018815679475665, 0.030783254653215, 0, -0.00028135254979134, 0.85727477073669, -0.51485919952393, 0, -0.036077126860619, 0.51451534032822, 0.85672187805176, 0, 0, -3.8146971803599e-08, -1.5258788721439e-07, 1, },
		{ 0.99919641017914, 0.020899385213852, 0.034198917448521, 0, 0.002096027135849, 0.82486534118652, -0.56532549858093, 0, -0.04002445936203, 0.56494289636612, 0.82415872812271, 0, 0, -3.8146971803599e-08, -1.5258788721439e-07, 1, },
		{ 0.99902802705765, 0.022982412949204, 0.037614449858665, 0, 0.0049460753798485, 0.78948962688446, -0.61374413967133, 0, -0.043801546096802, 0.61333352327347, 0.78860855102539, 0, 0, -3.8146971803599e-08, -1.5258788721439e-07, 1, },
		{ 0.99884521961212, 0.025046214461327, 0.040999315679073, 0, 0.0082245916128159, 0.75162798166275, -0.65953612327576, 0, -0.047335114330053, 0.65911161899567, 0.7505539059639, 0, 0, -3.8146971803599e-08, -1.5258788721439e-07, 1, },
		{ 0.99865031242371, 0.027072284370661, 0.044323042035103, 0, 0.011868706904352, 0.71186304092407, -0.70221811532974, 0, -0.050562586635351, 0.70179641246796, 0.71058094501495, 0, 0, -3.8146971803599e-08, -1.5258788721439e-07, 1, },
		{ 0.99844634532928, 0.029042141512036, 0.047555185854435, 0, 0.01579923927784, 0.67086350917816, -0.74141252040863, 0, -0.053435251116753, 0.74101185798645, 0.66936236619949, 0, 0, -3.8146971803599e-08, -1.5258788721439e-07, 1, },
		{ 0.99823641777039, 0.030937319621444, 0.05066529288888, 0, 0.019923767074943, 0.62936574220657, -0.77685379981995, 0, -0.055920779705048, 0.77649313211441, 0.62763947248459, 0, 0, -3.8146971803599e-08, -1.5258788721439e-07, 1, },
		{ 0.99802446365356, 0.032739371061325, 0.053622979670763, 0, 0.024140136316419, 0.5881535410881, -0.8083890080452, 0, -0.058004692196846, 0.80808633565903, 0.58620113134384, 0, 0, -3.8146971803599e-08, -1.5258788721439e-07, 1, },
		{ 0.99781453609467, 0.034429881721735, 0.05639785528183, 0, 0.028340151533484, 0.54803800582886, -0.83597320318222, 0, -0.059690628200769, 0.83574455976486, 0.54586452245712, 0, 0, -3.8146971803599e-08, -1.5258788721439e-07, 1, },
		{ 0.99761140346527, 0.035990428179502, 0.058959621936083, 0, 0.032413147389889, 0.50984072685242, -0.85965794324875, 0, -0.060999475419521, 0.85951554775238, 0.50745630264282, 0, 0, -3.8146971803599e-08, -1.5258788721439e-07, 1, },
		{ 0.99741965532303, 0.037402607500553, 0.061277974396944, 0, 0.036249242722988, 0.47437617182732, -0.87957566976547, 0, -0.061967242509127, 0.87952727079391, 0.47179636359215, 0, 0, -3.8146971803599e-08, -1.5258788721439e-07, 1, },
		{ 0.99724459648132, 0.038648027926683, 0.063322633504868, 0, 0.039741948246956, 0.44243940711021, -0.8959174156189, 0, -0.062641873955727, 0.89596527814865, 0.43968433141708, 0, 0, -3.8146971803599e-08, -1.5258788721439e-07, 1, },
		{ 0.99709087610245, 0.0397082939744, 0.065063364803791, 0, 0.042790278792381, 0.41479536890984, -0.90890806913376, 0, -0.063079170882702, 0.90904784202576, 0.41188955307007, 0, 0, -3.8146971803599e-08, -1.5258788721439e-07, 1, },
		{ 0.99696350097656, 0.040565025061369, 0.066469922661781, 0, 0.045300103724003, 0.3921711742878, -0.91877627372742, 0, -0.063337773084641, 0.91899746656418, 0.38914275169373, 0, 0, -3.8146971803599e-08, -1.5258788721439e-07, 1, },
		{ 0.99686747789383, 0.041199766099453, 0.067512080073357, 0, 0.047184884548187, 0.37525171041489, -0.92572122812271, 0, -0.063473522663116, 0.92600685358047, 0.37213224172592, 0, 0, -3.8146971803599e-08, -1.5258788721439e-07, 1, },
		{ 0.99680703878403, 0.041594158858061, 0.068159572780132, 0, 0.048366170376539, 0.36467498540878, -0.9298779964447, 0, -0.063533589243889, 0.9302054643631, 0.36149886250496, 0, 0, -3.8146971803599e-08, -1.5258788721439e-07, 1, },
		{ 0.99678617715836, 0.041729722172022, 0.068382151424885, 0, 0.04877395182848, 0.36102858185768, -0.9312784075737, 0, -0.063549898564816, 0.93162059783936, 0.35783299803734, 0, 0, -3.8146971803599e-08, -1.5258788721439e-07, 1, },
		{ 0.99678617715836, 0.041729722172022, 0.068382151424885, 0, 0.04877395182848, 0.36102858185768, -0.9312784075737, 0, -0.063549898564816, 0.93162059783936, 0.35783299803734, 0, 0, -3.8146971803599e-08, -1.5258788721439e-07, 1, },
	},
}
end
