function data()
return {
	times = { 0, 41.667, 83.333, 125, 166.667, 208.333, 250, 291.667, 333.333, 375, 416.667, 458.333, 500, 541.667, 583.333, 625, 666.667, 708.333, 750, 791.667, 833.333, 875, 916.667, 958.333, 1000, 1041.667, 1083.333, 1125, 1166.667, 1208.333, 1250, 2083.333, },
	transfs = {
		{ 1.0000001192093, 0, 0, 0, 5.5879354476929e-09, 1.0000001192093, 2.9802322387695e-08, 0, 0, -2.9802322387695e-08, 1, 0, 0, 0, 0, 1, },
		{ 1, -0.0001584105193615, -0.00023737920855638, 0, 0.00015747731958982, 0.99999213218689, -0.0039602816104889, 0, 0.00023798643087503, 0.0039602816104889, 0.99999213218689, 0, 0, 0, 0, 1, },
		{ 0.99999952316284, -0.00061924563487992, -0.00092796608805656, 0, 0.00060481386026368, 0.99988001585007, -0.015481054782867, 0, 0.00093744322657585, 0.01548045873642, 0.99987983703613, 0, 0, 0, 0, 1, },
		{ 0.99999707937241, -0.0013608615845442, -0.0020394809544086, 0, 0.0012906976044178, 0.99942034482956, -0.034018572419882, 0, 0.0020845904946327, 0.03401580452919, 0.99941921234131, 0, 0, 0, 0, 1, },
		{ 0.99999105930328, -0.0023615192621946, -0.0035395994782448, 0, 0.0021485125180334, 0.99825459718704, -0.059018075466156, 0, 0.003672793507576, 0.059009879827499, 0.99825066328049, 0, 0, 0, 0, 1, },
		{ 0.99997901916504, -0.0035995540674776, -0.0053961202502251, 0, 0.0030999013688415, 0.99594563245773, -0.089903444051743, 0, 0.0056978464126587, 0.08988481760025, 0.99593597650528, 0, 0, 0, 0, 1, },
		{ 0.99995863437653, -0.005053224042058, -0.0075767189264297, 0, 0.0040578562766314, 0.99201333522797, -0.12606799602509, 0, 0.0081532523036003, 0.12603205442429, 0.99199265241623, 0, 0, 0, 0, 1, },
		{ 0.99992704391479, -0.0067008025944233, -0.010049130767584, 0, 0.0049302596598864, 0.98596698045731, -0.16686773300171, 0, 0.011026258580387, 0.16680596768856, 0.98592817783356, 0, 0, 0, 0, 1, },
		{ 0.99988216161728, -0.0085205808281898, -0.012781023979187, 0, 0.0056234654039145, 0.97733664512634, -0.2116162031889, 0, 0.01429445669055, 0.21151925623417, 0.97726935148239, 0, 0, 0, 0, 1, },
		{ 0.99982118606567, -0.010490824468434, -0.0157400816679, 0, 0.0060461852699518, 0.9657010436058, -0.25958597660065, 0, 0.0179234854877, 0.25944432616234, 0.96559178829193, 0, 0, 0, 0, 1, },
		{ 0.99974226951599, -0.012589864432812, -0.018893904983997, 0, 0.0061135776340961, 0.95071280002594, -0.31001263856888, 0, 0.021865699440241, 0.30981722474098, 0.95054477453232, 0, 0, 0, 0, 1, },
		{ 0.99964392185211, -0.014796003699303, -0.022210070863366, 0, 0.0057513304054737, 0.93211960792542, -0.3621047437191, 0, 0.026060139760375, 0.36184802651405, 0.9318727850914, 0, 0, 0, 0, 1, },
		{ 0.9995248913765, -0.017087589949369, -0.025656137615442, 0, 0.0048995353281498, 0.90978193283081, -0.41505768895149, 0, 0.03043382242322, 0.41473472118378, 0.90943330526352, 0, 0, 0, 0, 1, },
		{ 0.99938464164734, -0.019442969933152, -0.029199590906501, 0, 0.0035161410924047, 0.88368409872055, -0.46807062625885, 0, 0.034903902560472, 0.46767979860306, 0.88320857286453, 0, 0, 0, 0, 1, },
		{ 0.99922305345535, -0.021840555593371, -0.032807931303978, 0, 0.0015796683728695, 0.85394185781479, -0.52036607265472, 0, 0.03938115388155, 0.51990991830826, 0.85331284999847, 0, 0, 0, 0, 1, },
		{ 0.99904108047485, -0.024258781224489, -0.036448631435633, 0, -0.00090903037926182, 0.82080298662186, -0.57121056318283, 0, 0.043774027377367, 0.57069599628448, 0.81999385356903, 0, 0, 0, 0, 1, },
		{ 0.99884003400803, -0.026676099747419, -0.040089167654514, 0, -0.003926008939743, 0.78464329242706, -0.6199352145195, 0, 0.047993145883083, 0.6193733215332, 0.78362822532654, 0, 0, 0, 0, 1, },
		{ 0.99862188100815, -0.029070995748043, -0.043696992099285, 0, -0.0074246781878173, 0.74595659971237, -0.66595321893692, 0, 0.051955990493298, 0.66535985469818, 0.74471265077591, 0, 0, 0, 0, 1, },
		{ 0.99838936328888, -0.03142199665308, -0.047239601612091, 0, -0.011337383650243, 0.70534121990204, -0.70877724885941, 0, 0.055591236799955, 0.70817118883133, 0.70384877920151, 0, 0, 0, 0, 1, },
		{ 0.99814581871033, -0.033707663416862, -0.050684530287981, 0, -0.015577960759401, 0.66348260641098, -0.74802958965302, 0, 0.05884263664484, 0.74743205308914, 0.66172724962234, 0, 0, 0, 0, 1, },
		{ 0.99789530038834, -0.035906575620174, -0.053999327123165, 0, -0.020045034587383, 0.6211342215538, -0.7834478020668, 0, 0.061671767383814, 0.78288120031357, 0.61910712718964, 0, 0, 0, 0, 1, },
		{ 0.99764221906662, -0.037997327744961, -0.057151552289724, 0, -0.02462600544095, 0.57909643650055, -0.81488704681396, 0, 0.064059808850288, 0.81437313556671, 0.57679527997971, 0, 0, 0, 0, 1, },
		{ 0.99739181995392, -0.039958581328392, -0.06010889261961, 0, -0.029201133176684, 0.53819626569748, -0.8423136472702, 0, 0.066008031368256, 0.84187173843384, 0.53562569618225, 0, 0, 0, 0, 1, },
		{ 0.99714928865433, -0.041768968105316, -0.06283900141716, 0, -0.033647492527962, 0.4992698431015, -0.86579304933548, 0, 0.067536905407906, 0.86543923616409, 0.49644112586975, 0, 0, 0, 0, 1, },
		{ 0.99692058563232, -0.043407194316387, -0.065309621393681, 0, -0.037842750549316, 0.46314430236816, -0.88547456264496, 0, 0.068683758378029, 0.88521933555603, 0.46007543802261, 0, 0, 0, 0, 1, },
		{ 0.99671149253845, -0.044851891696453, -0.067488506436348, 0, -0.041668109595776, 0.43062618374825, -0.90156805515289, 0, 0.069499358534813, 0.90141528844833, 0.42734113335609, 0, 0, 0, 0, 1, },
		{ 0.99652808904648, -0.046081777662039, -0.069343440234661, 0, -0.045010760426521, 0.40248948335648, -0.91431736946106, 0, 0.07004339247942, 0.91426402330399, 0.39901784062386, 0, 0, 0, 0, 1, },
		{ 0.99637621641159, -0.047075524926186, -0.070842243731022, 0, -0.047765493392944, 0.37946969270706, -0.92397034168243, 0, 0.070378884673119, 0.92400574684143, 0.37584593892097, 0, 0, 0, 0, 1, },
		{ 0.99626153707504, -0.047811780124903, -0.071952737867832, 0, -0.049835652112961, 0.36225906014442, -0.93074423074722, 0, 0.070566080510616, 0.93085038661957, 0.35852199792862, 0, 0, 0, 0, 1, },
		{ 0.99618935585022, -0.048269230872393, -0.072642683982849, 0, -0.051133748143911, 0.3515020608902, -0.93478959798813, 0, 0.070655643939972, 0.93494188785553, 0.34769442677498, 0, 0, 0, 0, 1, },
		{ 0.99616450071335, -0.04842646420002, -0.072879835963249, 0, -0.051581963896751, 0.34779384732246, -0.93615108728409, 0, 0.070681646466255, 0.93631958961487, 0.34396189451218, 0, 0, 0, 0, 1, },
		{ 0.99616450071335, -0.04842646420002, -0.072879835963249, 0, -0.051581963896751, 0.34779384732246, -0.93615108728409, 0, 0.070681646466255, 0.93631958961487, 0.34396189451218, 0, 0, 0, 0, 1, },
	},
}
end
