function data()
return {
	times = { 0, 41.667, 83.333, 125, 166.667, 208.333, 250, 291.667, 333.333, 375, 416.667, 458.333, 500, 541.667, 583.333, 625, 666.667, 708.333, 750, 791.667, 833.333, 875, 916.667, 958.333, 1000, 1041.667, 1083.333, 1125, 1166.667, 1208.333, 1250, 2083.333, },
	transfs = {
		{ 1.0000001192093, 5.5879354476929e-09, 3.7252902984619e-09, 0, 9.3132257461548e-10, 1.0000001192093, -2.9802322387695e-08, 0, -3.7252902984619e-09, 8.9406967163086e-08, 1.0000001192093, 0, 0, -3.8146971803599e-08, 0, 1.0000001192093, },
		{ 1.0000001192093, 0.00015515461564064, -0.00018620118498802, 0, -0.00015440955758095, 0.99999225139618, 0.0039653480052948, 0, 0.00018680840730667, -0.0039653177373111, 0.99999213218689, 0, 0, -3.8146971803599e-08, 0, 1.0000001192093, },
		{ 0.99999970197678, 0.00060650240629911, -0.00072786584496498, 0, -0.00059514679014683, 0.9998796582222, 0.015501021407545, 0, 0.00073717162013054, -0.015500575304031, 0.9998796582222, 0, 0, -3.8146971803599e-08, 0, 1.0000001192093, },
		{ 0.99999791383743, 0.0013328725472093, -0.0015996581641957, 0, -0.0012776097282767, 0.99941891431808, 0.034062206745148, 0, 0.0016441306797788, -0.034060060977936, 0.99941843748093, 0, 0, -3.8146971803599e-08, 0, 1.0000001192093, },
		{ 0.99999362230301, 0.0023130429908633, -0.0027762353420258, 0, -0.0021449448540807, 0.99825030565262, 0.059092789888382, 0, 0.0029080640524626, -0.059086438268423, 0.99824869632721, 0, 0, -3.8146971803599e-08, 0, 1.0000001192093, },
		{ 0.99998497962952, 0.0035257914569229, -0.0042323130182922, 0, -0.0031305269803852, 0.99593549966812, 0.090015321969986, 0, 0.0045324843376875, -0.090000689029694, 0.99593138694763, 0, 0, -3.8146971803599e-08, 0, 1.0000001192093, },
		{ 0.99997025728226, 0.0049498965963721, -0.0059424974024296, 0, -0.0041603147983551, 0.99199342727661, 0.12622195482254, 0, 0.0065197045914829, -0.12619343400002, 0.99198436737061, 0, 0, -3.8146971803599e-08, 0, 1.0000001192093, },
		{ 0.9999475479126, 0.0065641454420984, -0.0078815054148436, 0, -0.0051553305238485, 0.98593217134476, 0.16706714034081, 0, 0.0088672824203968, -0.16701769828796, 0.98591411113739, 0, 0, -3.8146971803599e-08, 0, 1.0000001192093, },
		{ 0.99991512298584, 0.0083473129197955, -0.010023968294263, 0, -0.0060344599187374, 0.97728061676025, 0.21186384558678, 0, 0.011564723215997, -0.21178528666496, 0.97724795341492, 0, 0, -3.8146971803599e-08, 0, 1.0000001192093, },
		{ 0.99987107515335, 0.010278158821166, -0.012344510294497, 0, -0.0067175067961216, 0.96561694145203, 0.25988245010376, 0, 0.014591180719435, -0.25976592302322, 0.96556144952774, 0, 0, -3.8146971803599e-08, 0, 1.0000001192093, },
		{ 0.99981427192688, 0.012335473671556, -0.014817736111581, 0, -0.0071285236626863, 0.95059287548065, 0.31035870313644, 0, 0.017914058640599, -0.31019547581673, 0.95050400495529, 0, 0, -3.8146971803599e-08, 0, 1.0000001192093, },
		{ 0.99974328279495, 0.014498054049909, -0.017418242990971, 0, -0.0071992799639702, 0.93195605278015, 0.36249983310699, 0, 0.021488580852747, -0.36228135228157, 0.93182110786438, 0, 0, -3.8146971803599e-08, 0, 1.0000001192093, },
		{ 0.99965745210648, 0.016744691878557, -0.02012057416141, 0, -0.0068726409226656, 0.90956658124924, 0.41550141572952, 0, 0.025258446112275, -0.41522070765495, 0.90937006473541, 0, 0, -3.8146971803599e-08, 0, 1.0000001192093, },
		{ 0.99955630302429, 0.019054217264056, -0.022899279370904, 0, -0.0061056553386152, 0.88340973854065, 0.46856194734573, 0, 0.02915752120316, -0.46821412444115, 0.88313388824463, 0, 0, -3.8146971803599e-08, 0, 1.0000001192093, },
		{ 0.99943995475769, 0.021405458450317, -0.025728888809681, 0, -0.0048721618950367, 0.85360127687454, 0.5209042429924, 0, 0.033112406730652, -0.52048701047897, 0.85322737693787, 0, 0, -3.8146971803599e-08, 0, 1.0000001192093, },
		{ 0.99930876493454, 0.023777257651091, -0.028583908453584, 0, -0.0031646878924221, 0.82039058208466, 0.57179498672485, 0, 0.037045676261187, -0.57130908966064, 0.81989848613739, 0, 0, -3.8146971803599e-08, 0, 1.0000001192093, },
		{ 0.9991637468338, 0.026148496195674, -0.031438857316971, 0, -0.00099541991949081, 0.78415423631668, 0.62056529521942, 0, 0.040879756212234, -0.62001496553421, 0.78352439403534, 0, 0, -3.8146971803599e-08, 0, 1.0000001192093, },
		{ 0.99900645017624, 0.028498051688075, -0.034268241375685, 0, 0.0016037151217461, 0.74538779258728, 0.66662931442261, 0, 0.044540766626596, -0.6660218834877, 0.74460136890411, 0, 0, -3.8146971803599e-08, 0, 1.0000001192093, },
		{ 0.99883878231049, 0.03080484457314, -0.037046603858471, 0, 0.0045819710940123, 0.70469111204147, 0.70949953794479, 0, 0.047962434589863, -0.70884537696838, 0.70373147726059, 0, 0, -3.8146971803599e-08, 0, 1.0000001192093, },
		{ 0.99866324663162, 0.033047810196877, -0.039748467504978, 0, 0.0078716529533267, 0.66275107860565, 0.74879848957062, 0, 0.051089491695166, -0.74811035394669, 0.66160488128662, 0, 0, -3.8146971803599e-08, 0, 1.0000001192093, },
		{ 0.99848264455795, 0.035205889493227, -0.04234840720892, 0, 0.011390605941415, 0.62032282352448, 0.78426402807236, 0, 0.053880393505096, -0.78355622291565, 0.61898040771484, 0, 0, -3.8146971803599e-08, 0, 1.0000001192093, },
		{ 0.9983001947403, 0.037258051335812, -0.044820982962847, 0, 0.015045423060656, 0.57820808887482, 0.81575065851212, 0, 0.056309130042791, -0.81503826379776, 0.57666456699371, 0, 0, -3.8146971803599e-08, 0, 1.0000001192093, },
		{ 0.99811965227127, 0.039183296263218, -0.047140825539827, 0, 0.018734861165285, 0.53723561763763, 0.84322428703308, 0, 0.058366026729345, -0.84252172708511, 0.53549122810364, 0, 0, -3.8146971803599e-08, 0, 1.0000001192093, },
		{ 0.99794483184814, 0.040960609912872, -0.049282550811768, 0, 0.022353257983923, 0.49824249744415, 0.86674958467484, 0, 0.060057248920202, -0.86606973409653, 0.49630281329155, 0, 0, -3.8146971803599e-08, 0, 1.0000001192093, },
		{ 0.99777990579605, 0.042569030076265, -0.051220819354057, 0, 0.025793947279453, 0.46205696463585, 0.88647508621216, 0, 0.061403308063745, -0.88582801818848, 0.45993301272392, 0, 0, -3.8146971803599e-08, 0, 1.0000001192093, },
		{ 0.99762910604477, 0.043987549841404, -0.052930314093828, 0, 0.028951993212104, 0.42948633432388, 0.90260934829712, 0, 0.062436413019896, -0.90200167894363, 0.4271944463253, 0, 0, -3.8146971803599e-08, 0, 1.0000001192093, },
		{ 0.99749684333801, 0.045195229351521, -0.054385721683502, 0, 0.031726740300655, 0.40130558609962, 0.91539472341537, 0, 0.063196770846844, -0.91482865810394, 0.3988670706749, 0, 0, -3.8146971803599e-08, 0, 1.0000001192093, },
		{ 0.99738734960556, 0.046171091496944, -0.055561773478985, 0, 0.034023646265268, 0.37825036048889, 0.9250779747963, 0, 0.063728123903275, -0.92455130815506, 0.37569111585617, 0, 0, -3.8146971803599e-08, 0, 1.0000001192093, },
		{ 0.99730461835861, 0.046894114464521, -0.056433141231537, 0, 0.035755593329668, 0.36101377010345, 0.93187493085861, 0, 0.064072594046593, -0.93138086795807, 0.35836392641068, 0, 0, -3.8146971803599e-08, 0, 1.0000001192093, },
		{ 0.99725264310837, 0.047343362122774, -0.056974548846483, 0, 0.036844111979008, 0.35024100542068, 0.9359347820282, 0, 0.064265124499798, -0.935462474823, 0.34753435850143, 0, 0, -3.8146971803599e-08, 0, 1.0000001192093, },
		{ 0.99723470211029, 0.047497775405645, -0.057160649448633, 0, 0.037220407277346, 0.3465273976326, 0.93730127811432, 0, 0.064327456057072, -0.93683665990829, 0.34380120038986, 0, 0, -3.8146971803599e-08, 0, 1.0000001192093, },
		{ 0.99723470211029, 0.047497779130936, -0.057160656899214, 0, 0.037220407277346, 0.3465273976326, 0.93730127811432, 0, 0.064327456057072, -0.93683665990829, 0.34380120038986, 0, 0, -3.8146971803599e-08, 0, 1.0000001192093, },
	},
}
end
