function data()
return {
	times = { 0, 41.667, 83.333, 125, 166.667, 208.333, 250, 291.667, 333.333, 375, 416.667, 458.333, 500, 541.667, 583.333, 625, 666.667, 708.333, 750, 791.667, 833.333, 875, 916.667, 958.333, 1000, 1041.667, 1083.333, 1125, 1166.667, 1208.333, 1250, 1291.667, 1333.333, 1375, 1416.667, 1458.333, 1500, 1541.667, 1583.333, 1625, 1666.667, 1708.333, 1750, 1791.667, 1833.333, 1875, 1916.667, 1958.333, 2000, 2041.667, 2083.333, },
	transfs = {
		{ 1, 0, 0, 0, 0, 1, 0, 0, 0, 0, 1, 0, 0, 0, 0, 1, },
		{ 1, 5.1296130550327e-05, 5.2813174988842e-05, 0, -5.1199640438426e-05, 0.99999833106995, -0.0018253145972267, 0, -5.2906718337908e-05, 0.001825311803259, 0.99999833106995, 0, 0, 0, 0, 1, },
		{ 0.99999988079071, 0.00020241177116986, 0.0002083979343297, 0, -0.00020090553152841, 0.99997401237488, -0.0072025344707072, 0, -0.00020985039009247, 0.00720249209553, 0.99997401237488, 0, 0, 0, 0, 1, },
		{ 0.99999976158142, 0.00044918764615431, 0.00046247208956629, 0, -0.00044173857895657, 0.99987208843231, -0.01598316244781, 0, -0.00046959239989519, 0.015982955694199, 0.99987208843231, 0, 0, 0, 0, 1, },
		{ 0.99999934434891, 0.0007874647853896, 0.0008107537869364, 0, -0.00076444068690762, 0.99960714578629, -0.028017392382026, 0, -0.00083249795716256, 0.028016755357385, 0.999607026577, 0, 0, 0, 0, 1, },
		{ 0.99999850988388, 0.0012130831601098, 0.0012489598011598, 0, -0.0011580578284338, 0.99906772375107, -0.043152816593647, 0, -0.0013001435436308, 0.043151304125786, 0.99906772375107, 0, 0, 0, 0, 1, },
		{ 0.99999690055847, 0.0017218829598278, 0.001772808842361, 0, -0.0016101002693176, 0.99812215566635, -0.061232980340719, 0, -0.0018749160226434, 0.061229936778545, 0.99812185764313, 0, 0, 0, 0, 1, },
		{ 0.99999445676804, 0.0023097039666027, 0.0023780181072652, 0, -0.0021066886838526, 0.99662214517593, -0.082095801830292, 0, -0.0025596024934202, 0.082090340554714, 0.99662160873413, 0, 0, 0, 0, 1, },
		{ 0.9999908208847, 0.0029723849147558, 0.0030603052582592, 0, -0.0026327050291002, 0.99440813064575, -0.10557203739882, 0, -0.0033569929655641, 0.10556301474571, 0.99440693855286, 0, 0, 0, 0, 1, },
		{ 0.99998581409454, 0.0037057630252093, 0.0038153855130076, 0, -0.0031719552353024, 0.99131315946579, -0.13148391246796, 0, -0.0042694904841483, 0.13146993517876, 0.99131095409393, 0, 0, 0, 0, 1, },
		{ 0.99997901916504, 0.0045056771486998, 0.004638978280127, 0, -0.0037073513958603, 0.98716765642166, -0.15964399278164, 0, -0.005298753734678, 0.15962344408035, 0.98716372251511, 0, 0, 0, 0, 1, },
		{ 0.99997025728226, 0.0053679635748267, 0.005526798311621, 0, -0.0042211217805743, 0.98180311918259, -0.18985438346863, 0, -0.0064453603699803, 0.18982543051243, 0.98179662227631, 0, 0, 0, 0, 1, },
		{ 0.99995929002762, 0.006288455799222, 0.0064745633862913, 0, -0.004695045761764, 0.97505664825439, -0.22190627455711, 0, -0.0077085141092539, 0.22186686098576, 0.97504651546478, 0, 0, 0, 0, 1, },
		{ 0.99994558095932, 0.0072629880160093, 0.007477989885956, 0, -0.0051107248291373, 0.96677440404892, -0.25557985901833, 0, -0.0090858032926917, 0.25552776455879, 0.96675902605057, 0, 0, 0, 0, 1, },
		{ 0.99992918968201, 0.0082873944193125, 0.0085327913984656, 0, -0.0054498808458447, 0.95681536197662, -0.29064485430717, 0, -0.01057299412787, 0.2905777990818, 0.95679295063019, 0, 0, 0, 0, 1, },
		{ 0.99990981817245, 0.00935750734061, 0.0096346866339445, 0, -0.0056946654804051, 0.94505500793457, -0.32686144113541, 0, -0.012163918465376, 0.32677710056305, 0.94502317905426, 0, 0, 0, 0, 1, },
		{ 0.9998871088028, 0.010469157248735, 0.01077938824892, 0, -0.0058280061930418, 0.93138784170151, -0.3639814555645, 0, -0.013850371353328, 0.36387756466866, 0.93134379386902, 0, 0, 0, 0, 1, },
		{ 0.99986094236374, 0.011618170887232, 0.011962610296905, 0, -0.005833946634084, 0.91573065519333, -0.40175011754036, 0, -0.01562213152647, 0.40162447094917, 0.9156711101532, 0, 0, 0, 0, 1, },
		{ 0.999831199646, 0.012800388038158, 0.013180071488023, 0, -0.0056979954242706, 0.89802432060242, -0.43990868330002, 0, -0.017467029392719, 0.43975934386253, 0.8979457616806, 0, 0, 0, 0, 1, },
		{ 0.99979770183563, 0.014011627063155, 0.014427484944463, 0, -0.005407446064055, 0.87823623418808, -0.47819620370865, 0, -0.01937104947865, 0.47802147269249, 0.87813448905945, 0, 0, 0, 0, 1, },
		{ 0.99976044893265, 0.015247731469572, 0.015700567513704, 0, -0.0049517140723765, 0.85636132955551, -0.51635324954987, 0, -0.021318575367332, 0.51615184545517, 0.85623168945312, 0, 0, 0, 0, 1, },
		{ 0.99971926212311, 0.016504518687725, 0.016995033249259, 0, -0.004322599619627, 0.83242291212082, -0.55412381887436, 0, -0.023292602971196, 0.55389487743378, 0.83226066827774, 0, 0, 0, 0, 1, },
		{ 0.99967437982559, 0.017777817323804, 0.018306592479348, 0, -0.0035145257133991, 0.80647337436676, -0.59125989675522, 0, -0.025275090709329, 0.59100306034088, 0.8062732219696, 0, 0, 0, 0, 1, },
		{ 0.99962556362152, 0.019063467159867, 0.019630966708064, 0, -0.0025247361045331, 0.77859324216843, -0.62752366065979, 0, -0.027247317135334, 0.62723916769028, 0.77834993600845, 0, 0, 0, 0, 1, },
		{ 0.99957287311554, 0.020357292145491, 0.020963866263628, 0, -0.0013534181052819, 0.74889159202576, -0.66269093751907, 0, -0.029190260916948, 0.66237968206406, 0.74859941005707, 0, 0, 0, 0, 1, },
		{ 0.99951672554016, 0.021655134856701, 0.022301007062197, 0, -3.7760300983791e-06, 0.71750378608704, -0.69655448198318, 0, -0.031085042282939, 0.69621783494949, 0.71715718507767, 0, 0, 0, 0, 1, },
		{ 0.9994570016861, 0.022952824831009, 0.023638114333153, 0, 0.0015180148184299, 0.68458968400955, -0.72892689704895, 0, -0.032913349568844, 0.72856706380844, 0.68418323993683, 0, 0, 0, 0, 1, },
		{ 0.99939405918121, 0.024246195331216, 0.024970889091492, 0, 0.0032027862034738, 0.6503329873085, -0.7596423625946, 0, -0.034657832235098, 0.75926214456558, 0.64986133575439, 0, 0, 0, 0, 1, },
		{ 0.9993280172348, 0.025531090795994, 0.026295069605112, 0, 0.0050386413931847, 0.61493647098541, -0.7885605096817, 0, -0.036302611231804, 0.78816318511963, 0.6143946647644, 0, 0, 0, 0, 1, },
		{ 0.99925941228867, 0.026803344488144, 0.027606353163719, 0, 0.0070110391825438, 0.57862079143524, -0.8155665397644, 0, -0.037833523005247, 0.81515610218048, 0.57800441980362, 0, 0, 0, 0, 1, },
		{ 0.99918830394745, 0.028058815747499, 0.028900476172566, 0, 0.0091031286865473, 0.54162073135376, -0.84057354927063, 0, -0.039238605648279, 0.84015446901321, 0.54092580080032, 0, 0, 0, 0, 1, },
		{ 0.99911522865295, 0.029293343424797, 0.030173145234585, 0, 0.011296002194285, 0.50418269634247, -0.86352300643921, 0, -0.040508259087801, 0.86310005187988, 0.50340580940247, 0, 0, 0, 0, 1, },
		{ 0.9990406036377, 0.030502775683999, 0.031420089304447, 0, 0.01356908865273, 0.46656042337418, -0.88438510894775, 0, -0.041635576635599, 0.88396316766739, 0.46569895744324, 0, 0, 0, 0, 1, },
		{ 0.99896490573883, 0.031682975590229, 0.032637022435665, 0, 0.015900453552604, 0.42901289463043, -0.90315836668015, 0, -0.042616449296474, 0.90274250507355, 0.42806509137154, 0, 0, 0, 0, 1, },
		{ 0.99888855218887, 0.032829765230417, 0.033819667994976, 0, 0.018267208710313, 0.39180111885071, -0.91986840963364, 0, -0.043449658900499, 0.91946393251419, 0.39076599478722, 0, 0, 0, 0, 1, },
		{ 0.99881207942963, 0.033939063549042, 0.034963756799698, 0, 0.020645957440138, 0.35518357157707, -0.93456840515137, 0, -0.044136941432953, 0.93418025970459, 0.35406097769737, 0, 0, 0, 0, 1, },
		{ 0.99873608350754, 0.035006683319807, 0.036064993590117, 0, 0.023012997582555, 0.31941664218903, -0.94733482599258, 0, -0.044682815670967, 0.94696748256683, 0.31820732355118, 0, 0, 0, 0, 1, },
		{ 0.99866110086441, 0.036028511822224, 0.037119124084711, 0, 0.02534482255578, 0.28475022315979, -0.95826655626297, 0, -0.045094605535269, 0.95792442560196, 0.28345587849617, 0, 0, 0, 0, 1, },
		{ 0.99858772754669, 0.037000425159931, 0.038121864199638, 0, 0.027618374675512, 0.25142574310303, -0.96748226881027, 0, -0.045382086187601, 0.96716910600662, 0.25004884600639, 0, 0, 0, 0, 1, },
		{ 0.99851673841476, 0.037918284535408, 0.039068941026926, 0, 0.02981124073267, 0.21967673301697, -0.97511696815491, 0, -0.04555731266737, 0.97483545541763, 0.21822054684162, 0, 0, 0, 0, 1, },
		{ 0.99844861030579, 0.038777951151133, 0.039956085383892, 0, 0.031901970505714, 0.18972560763359, -0.98131859302521, 0, -0.045634228736162, 0.98107105493546, 0.1881942152977, 0, 0, 0, 0, 1, },
		{ 0.99838405847549, 0.039575323462486, 0.040779002010822, 0, 0.033870100975037, 0.16178515553474, -0.98624444007874, 0, -0.045628387480974, 0.9860320687294, 0.16018332540989, 0, 0, 0, 0, 1, },
		{ 0.99832367897034, 0.040306273847818, 0.041533458977938, 0, 0.035696443170309, 0.13605597615242, -0.99005764722824, 0, -0.045556418597698, 0.98988085985184, 0.1343891620636, 0, 0, 0, 0, 1, },
		{ 0.99826818704605, 0.040966659784317, 0.042215142399073, 0, 0.037362903356552, 0.11273022741079, -0.99292278289795, 0, -0.045435663312674, 0.99278074502945, 0.1110043823719, 0, 0, 0, 0, 1, },
		{ 0.99821823835373, 0.041552409529686, 0.042819809168577, 0, 0.038852673023939, 0.091988272964954, -0.99500167369843, 0, -0.045283649116755, 0.99489271640778, 0.090209968388081, 0, 0, 0, 0, 1, },
		{ 0.99817448854446, 0.04205933958292, 0.043343167752028, 0, 0.040150009095669, 0.074003897607327, -0.99644929170609, 0, -0.045117568224669, 0.99637061357498, 0.07218012958765, 0, 0, 0, 0, 1, },
		{ 0.99813741445541, 0.042483370751143, 0.043780956417322, 0, 0.0412402972579, 0.058941688388586, -0.99740904569626, 0, -0.04495383054018, 0.99735695123672, 0.057079881429672, 0, 0, 0, 0, 1, },
		{ 0.99810761213303, 0.042820364236832, 0.04412891343236, 0, 0.042109832167625, 0.04696099460125, -0.99800860881805, 0, -0.044807437807322, 0.9979784488678, 0.045068979263306, 0, 0, 0, 0, 1, },
		{ 0.99808585643768, 0.043066170066595, 0.044382728636265, 0, 0.042745646089315, 0.038217466324568, -0.99835461378098, 0, -0.044691514223814, 0.99834090471268, 0.03630343079567, 0, 0, 0, 0, 1, },
		{ 0.99807244539261, 0.043216705322266, 0.044538162648678, 0, 0.043135590851307, 0.032861892133951, -0.99852848052979, 0, -0.044616725295782, 0.99852514266968, 0.030934376642108, 0, 0, 0, 0, 1, },
		{ 0.99806785583496, 0.043267801403999, 0.044590931385756, 0, 0.04326806217432, 0.031043652445078, -0.99858093261719, 0, -0.044590674340725, 0.99858111143112, 0.029111560434103, 0, 0, 0, 0, 1, },
	},
}
end
