function data()
return {
	times = { 0, 41.667, 83.333, 125, 166.667, 208.333, 250, 291.667, 333.333, 375, 416.667, 458.333, 500, 541.667, 583.333, 625, 666.667, 708.333, 750, 791.667, 833.333, 875, 916.667, 958.333, 1000, 1041.667, 1083.333, 1125, 1166.667, 1208.333, 1250, 1291.667, 1333.333, 1375, 1416.667, 1458.333, 1500, 1541.667, 1583.333, 1625, 1666.667, 1708.333, 1750, 1791.667, 1833.333, 1875, 1916.667, 1958.333, 2000, 2041.667, 2083.333, },
	transfs = {
		{ 1, 0, 0, 0, 0, 1, 0, 0, 0, 0, 1, 0, 0, 0, 0, 1, },
		{ 1, -5.1771512517007e-05, -5.2828829211649e-05, 0, 5.1674440328497e-05, 0.99999833106995, -0.0018358767265454, 0, 5.2923780458514e-05, 0.0018358741654083, 0.99999833106995, 0, 0, 0, 0, 1, },
		{ 0.99999988079071, -0.00020428762945812, -0.00020845970720984, 0, 0.00020277216390241, 0.99997371435165, -0.0072442111559212, 0, 0.00020993413636461, 0.0072441687807441, 0.99997371435165, 0, 0, 0, 0, 1, },
		{ 0.99999970197678, -0.00045335062895902, -0.00046260919771157, 0, 0.00044585534487851, 0.99987059831619, -0.016075644642115, 0, 0.00046983727952465, 0.016075436025858, 0.99987059831619, 0, 0, 0, 0, 1, },
		{ 0.99999934434891, -0.00079476257087663, -0.00081099406816065, 0, 0.00077159382635728, 0.99960249662399, -0.028179477900267, 0, 0.00083306775195524, 0.02817883528769, 0.99960249662399, 0, 0, 0, 0, 1, },
		{ 0.99999839067459, -0.001224325504154, -0.0012493303511292, 0, 0.0011689488310367, 0.99905699491501, -0.04340236634016, 0, 0.0013012909330428, 0.043400842696428, 0.99905681610107, 0, 0, 0, 0, 1, },
		{ 0.99999690055847, -0.0017378407064825, -0.0017733342247084, 0, 0.0016253303037956, 0.99810034036636, -0.061586871743202, 0, 0.0018769939197227, 0.061583798378706, 0.99810016155243, 0, 0, 0, 0, 1, },
		{ 0.99999439716339, -0.0023311090189964, -0.0023787231184542, 0, 0.0021267449483275, 0.99658304452896, -0.082569777965546, 0, 0.0025630742311478, 0.082564257085323, 0.99658238887787, 0, 0, 0, 0, 1, },
		{ 0.99999076128006, -0.0029999313410372, -0.0030612114351243, 0, 0.0026579443365335, 0.99434322118759, -0.1061806678772, 0, 0.0033624302595854, 0.10617156326771, 0.99434208869934, 0, 0, 0, 0, 1, },
		{ 0.99998563528061, -0.0037401062436402, -0.0038165170699358, 0, 0.0032025882974267, 0.99121248722076, -0.13224032521248, 0, 0.0042775720357895, 0.13222621381283, 0.99121034145355, 0, 0, 0, 0, 1, },
		{ 0.9999788403511, -0.0045474339276552, -0.0046403529122472, 0, 0.0037434285040945, 0.98701900243759, -0.16055977344513, 0, 0.0053102518431842, 0.16053901612759, 0.98701518774033, 0, 0, 0, 0, 1, },
		{ 0.99996995925903, -0.0054177097044885, -0.005528436973691, 0, 0.0042625144124031, 0.98159247636795, -0.19093948602676, 0, 0.006461126729846, 0.19091019034386, 0.98158621788025, 0, 0, 0, 0, 1, },
		{ 0.99995881319046, -0.0063467342406511, -0.0064764842391014, 0, 0.0047414414584637, 0.97476822137833, -0.22316870093346, 0, 0.0077294637449086, 0.2231288254261, 0.97475832700729, 0, 0, 0, 0, 1, },
		{ 0.99994510412216, -0.0073302965611219, -0.0074802068993449, 0, 0.005161611828953, 0.96639078855515, -0.25702542066574, 0, 0.0091128768399358, 0.25697270035744, 0.96637570858002, 0, 0, 0, 0, 1, },
		{ 0.99992853403091, -0.0083641968667507, -0.0085353227332234, 0, 0.0055045424960554, 0.95631778240204, -0.29227727651596, 0, 0.010607145726681, 0.29220944643021, 0.95629554986954, 0, 0, 0, 0, 1, },
		{ 0.99990898370743, -0.0094442246481776, -0.0096375402063131, 0, 0.0057521839626133, 0.94442319869995, -0.32868182659149, 0, 0.0122060617432, 0.32859647274017, 0.94439154863358, 0, 0, 0, 0, 1, },
		{ 0.99988597631454, -0.010566176846623, -0.010782584547997, 0, 0.0058872611261904, 0.9306007027626, -0.36598843336105, 0, 0.013901380822062, 0.36588326096535, 0.93055683374405, 0, 0, 0, 0, 1, },
		{ 0.99985963106155, -0.011725840158761, -0.011966155841947, 0, 0.0058936271816492, 0.91476655006409, -0.40393978357315, 0, 0.015682773664594, 0.40381252765656, 0.91470730304718, 0, 0, 0, 0, 1, },
		{ 0.99982964992523, -0.012919009663165, -0.013183980248868, 0, 0.0057566096074879, 0.89686143398285, -0.44227409362793, 0, 0.017537947744131, 0.44212284684181, 0.89678299427032, 0, 0, 0, 0, 1, },
		{ 0.99979585409164, -0.014141472987831, -0.014431761577725, 0, 0.0054633510299027, 0.87685269117355, -0.48072808980942, 0, 0.019452730193734, 0.48055109381676, 0.87675088644028, 0, 0, 0, 0, 1, },
		{ 0.99975818395615, -0.015389027073979, -0.015705220401287, 0, 0.0050031351856887, 0.85473573207855, -0.51903927326202, 0, 0.021411322057247, 0.51883524656296, 0.85460609197617, 0, 0, 0, 0, 1, },
		{ 0.99971663951874, -0.016657454892993, -0.017000069841743, 0, 0.004367652349174, 0.83053481578827, -0.55694949626923, 0, 0.023396508768201, 0.55671751499176, 0.83037233352661, 0, 0, 0, 0, 1, },
		{ 0.99967133998871, -0.017942551523447, -0.018312016502023, 0, 0.0035512733738869, 0.80430346727371, -0.59420818090439, 0, 0.025390027090907, 0.59394782781601, 0.80410277843475, 0, 0, 0, 0, 1, },
		{ 0.99962204694748, -0.019240109249949, -0.019636783748865, 0, 0.0025512163992971, 0.7761242389679, -0.63057488203049, 0, 0.027372911572456, 0.63028645515442, 0.77587991952896, 0, 0, 0, 0, 1, },
		{ 0.99956893920898, -0.020545929670334, -0.020970083773136, 0, 0.0013676793314517, 0.74610757827759, -0.66582399606705, 0, 0.029325913637877, 0.66550838947296, 0.74581408500671, 0, 0, 0, 0, 1, },
		{ 0.9995122551918, -0.021855792030692, -0.022307619452477, 0, 3.9109932004067e-06, 0.71439129114151, -0.69974648952484, 0, 0.031229879707098, 0.69940507411957, 0.7140429019928, 0, 0, 0, 0, 1, },
		{ 0.99945187568665, -0.023165494203568, -0.023645123466849, 0, -0.0015337949153036, 0.6811380982399, -0.73215335607529, 0, 0.033066291362047, 0.73178839683533, 0.68072932958603, 0, 0, 0, 0, 1, },
		{ 0.99938839673996, -0.024470843374729, -0.02497829310596, 0, -0.0032361585181206, 0.64653360843658, -0.76287859678268, 0, 0.034817595034838, 0.7624928355217, 0.64605909585953, 0, 0, 0, 0, 1, },
		{ 0.99932181835175, -0.025767641142011, -0.026302862912416, 0, -0.0050910958088934, 0.61078399419785, -0.79178082942963, 0, 0.03646769747138, 0.7913778424263, 0.61023861169815, 0, 0, 0, 0, 1, },
		{ 0.99925249814987, -0.027051681652665, -0.027614537626505, 0, -0.0070838648825884, 0.5741126537323, -0.81874561309814, 0, 0.0380023047328, 0.81832921504974, 0.57349193096161, 0, 0, 0, 0, 1, },
		{ 0.99918067455292, -0.028318783268332, -0.028909044340253, 0, -0.0091973841190338, 0.53675752878189, -0.84368640184402, 0, 0.039409320801497, 0.8432611823082, 0.53605735301971, 0, 0, 0, 0, 1, },
		{ 0.99910700321198, -0.02956472709775, -0.030182089656591, 0, -0.011412496678531, 0.49896770715714, -0.86654543876648, 0, 0.040679071098566, 0.86611610651016, 0.49818474054337, 0, 0, 0, 0, 1, },
		{ 0.99903166294098, -0.030785353854299, -0.031429402530193, 0, -0.013708367943764, 0.46099972724915, -0.88729441165924, 0, 0.041804622858763, 0.88686615228653, 0.46013131737709, 0, 0, 0, 0, 1, },
		{ 0.99895524978638, -0.031976480036974, -0.032646704465151, 0, -0.016062781214714, 0.42311534285545, -0.9059334397316, 0, 0.042781885713339, 0.9055113196373, 0.42215967178345, 0, 0, 0, 0, 1, },
		{ 0.99887818098068, -0.033133909106255, -0.03382969647646, 0, -0.01845259219408, 0.38557758927345, -0.92249083518982, 0, 0.043609704822302, 0.92208021879196, 0.38453364372253, 0, 0, 0, 0, 1, },
		{ 0.9988009929657, -0.0342534519732, -0.034974109381437, 0, -0.020854096859694, 0.34864827990532, -0.93702161312103, 0, 0.044289890676737, 0.93662750720978, 0.3475159406662, 0, 0, 0, 0, 1, },
		{ 0.99872422218323, -0.035330962389708, -0.036075688898563, 0, -0.023243417963386, 0.31258442997932, -0.94960558414459, 0, 0.044827181845903, 0.94923263788223, 0.31136447191238, 0, 0, 0, 0, 1, },
		{ 0.99864852428436, -0.036362245678902, -0.037130121141672, 0, -0.02559675462544, 0.27763825654984, -0.96034461259842, 0, 0.045229036360979, 0.95999723672867, 0.27633228898048, 0, 0, 0, 0, 1, },
		{ 0.99857461452484, -0.03734315186739, -0.038133155554533, 0, -0.027890846133232, 0.24405273795128, -0.96936076879501, 0, 0.045505490154028, 0.96904271841049, 0.2426633387804, 0, 0, 0, 0, 1, },
		{ 0.99850285053253, -0.038269497454166, -0.039080519229174, 0, -0.030103109776974, 0.21206215023994, -0.97679245471954, 0, 0.045668855309486, 0.97650653123856, 0.21059265732765, 0, 0, 0, 0, 1, },
		{ 0.99843412637711, -0.039137128740549, -0.039967924356461, 0, -0.032211903482676, 0.18189011514187, -0.98279106616974, 0, 0.045733392238617, 0.98253971338272, 0.18034462630749, 0, 0, 0, 0, 1, },
		{ 0.99836897850037, -0.039941869676113, -0.04079108312726, 0, -0.034196685999632, 0.15374903380871, -0.98751801252365, 0, 0.045714907348156, 0.98730230331421, 0.15213239192963, 0, 0, 0, 0, 1, },
		{ 0.99830806255341, -0.040679574012756, -0.041545759886503, 0, -0.036038130521774, 0.12784059345722, -0.99113976955414, 0, 0.045630380511284, 0.99096012115479, 0.12615828216076, 0, 0, 0, 0, 1, },
		{ 0.99825209379196, -0.041346095502377, -0.042227666825056, 0, -0.037718076258898, 0.1043566390872, -0.99382436275482, 0, 0.045497503131628, 0.99368011951447, 0.10261475294828, 0, 0, 0, 0, 1, },
		{ 0.99820166826248, -0.041937235742807, -0.042832497507334, 0, -0.039219610393047, 0.083478204905987, -0.99573749303818, 0, 0.045334063470364, 0.99562674760818, 0.081683322787285, 0, 0, 0, 0, 1, },
		{ 0.99815744161606, -0.042448870837688, -0.043356012552977, 0, -0.040527027100325, 0.065377630293369, -0.99703723192215, 0, 0.045157622545958, 0.99695724248886, 0.06353684514761, 0, 0, 0, 0, 1, },
		{ 0.99812000989914, -0.042876821011305, -0.043793939054012, 0, -0.041625615209341, 0.050220917910337, -0.99787032604218, 0, 0.044984880834818, 0.99781733751297, 0.048341728746891, 0, 0, 0, 0, 1, },
		{ 0.99809002876282, -0.043216925114393, -0.044141996651888, 0, -0.042501665651798, 0.038166310638189, -0.99836707115173, 0, 0.044831100851297, 0.99833643436432, 0.03625662624836, 0, 0, 0, 0, 1, },
		{ 0.99806797504425, -0.04346502572298, -0.04439589381218, 0, -0.043142199516296, 0.029369413852692, -0.99863708019257, 0, 0.044709675014019, 0.99862319231033, 0.027437496930361, 0, 0, 0, 0, 1, },
		{ 0.99805444478989, -0.043616928160191, -0.044551361352205, 0, -0.043535005301237, 0.02398138307035, -0.99876403808594, 0, 0.04463142901659, 0.99876046180725, 0.022035863250494, 0, 0, 0, 0, 1, },
		{ 0.99804979562759, -0.043668504804373, -0.044604144990444, 0, -0.043668441474438, 0.022152373567224, -0.9988004565239, 0, 0.04460421204567, 0.9988004565239, 0.020202238112688, 0, 0, 0, 0, 1, },
	},
}
end
