function data()
return {
	times = { 0, 41.667, 83.333, 125, 166.667, 208.333, 250, 291.667, 333.333, 375, 416.667, 458.333, 500, 541.667, 583.333, 625, 666.667, 708.333, 750, 791.667, 833.333, 875, 916.667, 958.333, 1000, 1041.667, 1083.333, 1125, 1166.667, 1208.333, 1250, 1291.667, 1333.333, 1375, 1416.667, 1458.333, 1500, 1541.667, 1583.333, 1625, 1666.667, 1708.333, 1750, 1791.667, 1833.333, 1875, 1916.667, 1958.333, 2000, 2041.667, 2083.333, },
	transfs = {
		{ 1, 0, 0, 0, 0, 1, 0, 0, 0, 0, 1, 0, 0, 0, 0, 1, },
		{ 1, -5.1171537052142e-05, 5.2809074986726e-05, 0, 5.1075210649287e-05, 0.99999833106995, 0.0018225132953376, 0, -5.2902247261954e-05, -0.0018225106177852, 0.99999833106995, 0, 0, 0, 0, 1, },
		{ 0.99999988079071, -0.0002019201638177, 0.00020838179625571, 0, 0.00020041638344992, 0.99997407197952, 0.0071914801374078, 0, -0.00020982851856388, -0.0071914386935532, 0.99997407197952, 0, 0, 0, 0, 1, },
		{ 0.99999976158142, -0.00044809665996581, 0.00046243623364717, 0, 0.00044065981637686, 0.99987256526947, 0.015958635136485, 0, -0.00046952831326053, -0.015958426520228, 0.99987256526947, 0, 0, 0, 0, 1, },
		{ 0.99999934434891, -0.00078555219806731, 0.00081069074803963, 0, 0.00076256640022621, 0.99960833787918, 0.027974404394627, 0, -0.00083234865451232, -0.027973769232631, 0.99960833787918, 0, 0, 0, 0, 1, },
		{ 0.99999850988388, -0.0012101366883144, 0.0012488631764427, 0, 0.0011552043724805, 0.99907058477402, 0.043086633086205, 0, -0.0012998433085158, -0.043085128068924, 0.99907052516937, 0, 0, 0, 0, 1, },
		{ 0.99999690055847, -0.0017177006229758, 0.0017726713558659, 0, 0.0016061103669927, 0.99812793731689, 0.06113913282752, 0, -0.0018743717810139, -0.061136100441217, 0.99812763929367, 0, 0, 0, 0, 1, },
		{ 0.99999445676804, -0.0023040941450745, 0.0023778341710567, 0, 0.0021014355588704, 0.99663257598877, 0.081970103085041, 0, -0.0025586935225874, -0.081964664161205, 0.99663192033768, 0, 0, 0, 0, 1, },
		{ 0.99999094009399, -0.0029651648364961, 0.0030600670725107, 0, 0.0026260954327881, 0.99442529678345, 0.10541062802076, 0, -0.003355568042025, -0.1054016277194, 0.99442404508591, 0, 0, 0, 0, 1, },
		{ 0.99998581409454, -0.0036967627238482, 0.0038150893524289, 0, 0.0031639351509511, 0.991339802742, 0.1312832981348, 0, -0.0042673735879362, -0.13126938045025, 0.9913375377655, 0, 0, 0, 0, 1, },
		{ 0.99997913837433, -0.0044947350397706, 0.0046386173926294, 0, 0.0036979098804295, 0.98720693588257, 0.15940111875534, 0, -0.0052957418374717, -0.15938064455986, 0.98720294237137, 0, 0, 0, 0, 1, },
		{ 0.99997037649155, -0.0053549241274595, 0.0055263694375753, 0, 0.0042102891020477, 0.98185884952545, 0.18956655263901, 0, -0.0064412290230393, -0.18953767418861, 0.98185223340988, 0, 0, 0, 0, 1, },
		{ 0.99995934963226, -0.0062731821089983, 0.0064740632660687, 0, 0.0046829087659717, 0.97513282299042, 0.22157141566277, 0, -0.0077030300162733, -0.2215321213007, 0.97512257099152, 0, 0, 0, 0, 1, },
		{ 0.99994575977325, -0.0072453492321074, 0.0074774106033146, 0, 0.0050974208861589, 0.96687579154968, 0.25519639253616, 0, -0.0090787140652537, -0.25514441728592, 0.9668602347374, 0, 0, 0, 0, 1, },
		{ 0.99992936849594, -0.0082672657445073, 0.0085321301594377, 0, 0.0054355934262276, 0.95694696903229, 0.29021176695824, 0, -0.010564053431153, -0.2901448905468, 0.95692437887192, 0, 0, 0, 0, 1, },
		{ 0.99990999698639, -0.0093347793444991, 0.0096339378505945, 0, 0.0056796418502927, 0.94522207975388, 0.32637843489647, 0, -0.012152882292867, -0.32629433274269, 0.94518995285034, 0, 0, 0, 0, 1, },
		{ 0.99988728761673, -0.010443729348481, 0.010778553783894, 0, 0.0058125373907387, 0.93159592151642, 0.36344891786575, 0, -0.013837018981576, -0.36334529519081, 0.93155169487, 0, 0, 0, 0, 1, },
		{ 0.99986129999161, -0.011589958332479, 0.011961682699621, 0, 0.0058183833025396, 0.91598546504974, 0.40116906166077, 0, -0.015606260858476, -0.40104383230209, 0.91592586040497, 0, 0, 0, 0, 1, },
		{ 0.99983161687851, -0.012769299559295, 0.013179052621126, 0, 0.0056827194057405, 0.89833176136017, 0.43928083777428, 0, -0.017448469996452, -0.43913194537163, 0.89825308322906, 0, 0, 0, 0, 1, },
		{ 0.99979823827744, -0.013977599330246, 0.014426365494728, 0, 0.0053928988054395, 0.87860208749771, 0.47752410173416, 0, -0.019349673762918, -0.47734993696213, 0.8785001039505, 0, 0, 0, 0, 1, },
		{ 0.99976098537445, -0.015210697427392, 0.015699351206422, 0, 0.0049383603036404, 0.85679113864899, 0.51563990116119, 0, -0.021294308826327, -0.51543909311295, 0.8566614985466, 0, 0, 0, 0, 1, },
		{ 0.99972003698349, -0.016464428976178, 0.016993712633848, 0, 0.0043109282851219, 0.83292210102081, 0.55337333679199, 0, -0.023265415802598, -0.55314511060715, 0.83275985717773, 0, 0, 0, 0, 1, },
		{ 0.99967515468597, -0.0177346393466, 0.018305167555809, 0, 0.0035050499718636, 0.80704706907272, 0.59047669172287, 0, -0.02524502389133, -0.59022068977356, 0.80684691667557, 0, 0, 0, 0, 1, },
		{ 0.99962639808655, -0.019017169252038, 0.019629443064332, 0, 0.0025179698131979, 0.77924609184265, 0.62671291828156, 0, -0.027214473113418, -0.62642937898636, 0.77900290489197, 0, 0, 0, 0, 1, },
		{ 0.99957400560379, -0.02030785754323, 0.020962236449122, 0, 0.0013498818734661, 0.74962782859802, 0.66185820102692, 0, -0.029154794290662, -0.66154789924622, 0.74933588504791, 0, 0, 0, 0, 1, },
		{ 0.99951791763306, -0.021602548658848, 0.022299284115434, 0, 3.9500305319962e-06, 0.71832674741745, 0.69570583105087, 0, -0.031047191470861, -0.69537031650543, 0.71798056364059, 0, 0, 0, 0, 1, },
		{ 0.99945831298828, -0.022897094488144, 0.023636288940907, 0, -0.0015136337606236, 0.68550276756287, 0.72806841135025, 0, -0.032873392105103, -0.72770982980728, 0.68509674072266, 0, 0, 0, 0, 1, },
		{ 0.99939554929733, -0.024187313392758, 0.024968961253762, 0, -0.0031937859021127, 0.6513380408287, 0.75878095626831, 0, -0.034616108983755, -0.75840204954147, 0.65086710453033, 0, 0, 0, 0, 1, },
		{ 0.99932980537415, -0.025469087064266, 0.026293031871319, 0, -0.0050246152095497, 0.61603492498398, 0.78770285844803, 0, -0.03625949844718, -0.78730696439743, 0.61549401283264, 0, 0, 0, 0, 1, },
		{ 0.99926126003265, -0.026738261803985, 0.027604218572378, 0, -0.0069916495122015, 0.57981342077255, 0.81471920013428, 0, -0.037789471447468, -0.81431037187576, 0.57919812202454, 0, 0, 0, 0, 1, },
		{ 0.99919039011002, -0.027990683913231, 0.028898240998387, 0, -0.0090781068429351, 0.54290741682053, 0.83974349498749, 0, -0.03919406235218, -0.83932590484619, 0.54221373796463, 0, 0, 0, 0, 1, },
		{ 0.99911743402481, -0.029222216457129, 0.030170811340213, 0, -0.011265136301517, 0.50556254386902, 0.86271631717682, 0, -0.040463715791702, -0.86229479312897, 0.50478714704514, 0, 0, 0, 0, 1, },
		{ 0.99904304742813, -0.030428713187575, 0.031417660415173, 0, -0.013532225042582, 0.46803212165833, 0.88360774517059, 0, -0.04159152135253, -0.88318735361099, 0.46717244386673, 0, 0, 0, 0, 1, },
		{ 0.99896740913391, -0.031606044620275, 0.032634492963552, 0, -0.015857515856624, 0.43057408928871, 0.90241593122482, 0, -0.042573362588882, -0.90200155973434, 0.42962828278542, 0, 0, 0, 0, 1, },
		{ 0.99889123439789, -0.032750070095062, 0.033817049115896, 0, -0.018218213692307, 0.39344853162766, 0.9191660284996, 0, -0.043408025056124, -0.91876304149628, 0.39241564273834, 0, 0, 0, 0, 1, },
		{ 0.99881494045258, -0.03385666757822, 0.034961055964231, 0, -0.020590974017978, 0.35691392421722, 0.93391025066376, 0, -0.044097177684307, -0.93352347612381, 0.35579380393028, 0, 0, 0, 0, 1, },
		{ 0.99873912334442, -0.034921698272228, 0.036062210798264, 0, -0.022952158004045, 0.32122588157654, 0.94672441482544, 0, -0.044645335525274, -0.94635838270187, 0.32001930475235, 0, 0, 0, 0, 1, },
		{ 0.99866443872452, -0.035941049456596, 0.037116251885891, 0, -0.025278335437179, 0.28663358092308, 0.95770674943924, 0, -0.045059747993946, -0.95736581087112, 0.28534218668938, 0, 0, 0, 0, 1, },
		{ 0.99859124422073, -0.036910586059093, 0.038118906319141, 0, -0.027546469122171, 0.25337889790535, 0.96697479486465, 0, -0.045350130647421, -0.96666252613068, 0.25200518965721, 0, 0, 0, 0, 1, },
		{ 0.9985203742981, -0.037826232612133, 0.039065916091204, 0, -0.02973422780633, 0.22169426083565, 0.97466278076172, 0, -0.045528504997492, -0.97438216209412, 0.22024148702621, 0, 0, 0, 0, 1, },
		{ 0.9984524846077, -0.038683824241161, 0.039952997118235, 0, -0.031820211559534, 0.19180186092854, 0.9809176325798, 0, -0.045608703047037, -0.98067086935043, 0.19027407467365, 0, 0, 0, 0, 1, },
		{ 0.99838805198669, -0.039479248225689, 0.04077585041523, 0, -0.033783968538046, 0.16391481459141, 0.9858957529068, 0, -0.045606192201376, -0.98568403720856, 0.16231679916382, 0, 0, 0, 0, 1, },
		{ 0.99832779169083, -0.04020843654871, 0.0415302477777, 0, -0.035606328397989, 0.13823373615742, 0.98975932598114, 0, -0.045537553727627, -0.98958295583725, 0.13657090067863, 0, 0, 0, 0, 1, },
		{ 0.99827253818512, -0.040867231786251, 0.042211875319481, 0, -0.037269253283739, 0.114949606359, 0.99267196655273, 0, -0.045419983565807, -0.99253022670746, 0.11322792619467, 0, 0, 0, 0, 1, },
		{ 0.99822264909744, -0.041451536118984, 0.042816489934921, 0, -0.038755904883146, 0.094244547188282, 0.99479442834854, 0, -0.045270971953869, -0.99468564987183, 0.092470526695251, 0, 0, 0, 0, 1, },
		{ 0.99817895889282, -0.041957244277, 0.043339807540178, 0, -0.040050599724054, 0.0762909501791, 0.99628090858459, 0, -0.045107632875443, -0.99620223045349, 0.074471600353718, 0, 0, 0, 0, 1, },
		{ 0.99814200401306, -0.042380250990391, 0.043777570128441, 0, -0.041138712316751, 0.06125395745039, 0.9972739815712, 0, -0.044946271926165, -0.99722194671631, 0.059396669268608, 0, 0, 0, 0, 1, },
		{ 0.99811226129532, -0.042716424912214, 0.044125489890575, 0, -0.042006526142359, 0.049293022602797, 0.99790060520172, 0, -0.044801820069551, -0.99787032604218, 0.047405600547791, 0, 0, 0, 0, 1, },
		{ 0.99809056520462, -0.042961649596691, 0.0443792976439, 0, -0.042641118168831, 0.040563493967056, 0.99826657772064, 0, -0.044687360525131, -0.9982528090477, 0.03865409642458, 0, 0, 0, 0, 1, },
		{ 0.99807715415955, -0.043111816048622, 0.044534713029861, 0, -0.043030302971601, 0.035216446965933, 0.99845284223557, 0, -0.044613469392061, -0.99844920635223, 0.03329361230135, 0, 0, 0, 0, 1, },
		{ 0.99807262420654, -0.043162778019905, 0.044587474316359, 0, -0.043162509799004, 0.033401526510715, 0.99850958585739, 0, -0.044587727636099, -0.99850940704346, 0.031474132090807, 0, 0, 0, 0, 1, },
	},
}
end
