function data()
return {
	times = { 0, 41.667, 83.333, 125, 166.667, 208.333, 250, 291.667, 333.333, 375, 416.667, 458.333, 500, 541.667, 583.333, 625, 666.667, 708.333, 750, 791.667, 833.333, 875, 916.667, 958.333, 1000, 1041.667, 1083.333, 1125, 1166.667, 1208.333, 1250, 1291.667, 1333.333, 1375, 1416.667, 1458.333, 1500, 1541.667, 1583.333, 1625, 1666.667, 1708.333, 1750, 1791.667, 1833.333, 1875, 1916.667, 1958.333, 2000, 2041.667, 2083.333, },
	transfs = {
		{ 1, 0, 0, 0, 0, 1, 0, 0, 0, 0, 1, 0, 0, 0, 0, 1, },
		{ 1, 5.1699335017474e-05, -5.2823055739282e-05, 0, -5.1602346502477e-05, 0.99999833106995, 0.0018343485426158, 0, 5.2917799621355e-05, -0.0018343458650634, 0.99999833106995, 0, 0, 0, 0, 1, },
		{ 0.99999988079071, 0.00020400281937327, -0.00020843699167017, 0, -0.00020248877990525, 0.99997371435165, 0.0072381822392344, 0, 0.0002099081320921, -0.007238139398396, 0.99997371435165, 0, 0, 0, 0, 1, },
		{ 0.99999970197678, 0.00045271849376149, -0.0004625586734619, 0, -0.00044523039832711, 0.99987089633942, 0.016062261536717, 0, 0.00046977066085674, -0.016062051057816, 0.99987089633942, 0, 0, 0, 0, 1, },
		{ 0.99999934434891, 0.00079365429701284, -0.00081090518506244, 0, -0.00077050807885826, 0.99960321187973, 0.028156008571386, 0, 0.00083292950876057, -0.028155367821455, 0.99960321187973, 0, 0, 0, 0, 1, },
		{ 0.99999839067459, 0.0012226186227053, -0.0012491940287873, 0, -0.0011672964319587, 0.99905848503113, 0.043366264551878, 0, 0.0013010383117944, -0.043364740908146, 0.99905848503113, 0, 0, 0, 0, 1, },
		{ 0.99999690055847, 0.0017354175215587, -0.0017731405096129, 0, -0.001623020041734, 0.99810349941254, 0.061535660177469, 0, 0.0018765678396448, -0.061532586812973, 0.9981033205986, 0, 0, 0, 0, 1, },
		{ 0.99999439716339, 0.0023278589360416, -0.0023784632794559, 0, -0.0021237037144601, 0.99658870697021, 0.082501195371151, 0, 0.0025624008849263, -0.08249568939209, 0.99658805131912, 0, 0, 0, 0, 1, },
		{ 0.99999076128006, 0.0029957487713546, -0.0030608777888119, 0, -0.0026541186962277, 0.99435269832611, 0.10609258711338, 0, 0.0033614188432693, -0.10608349740505, 0.99435150623322, 0, 0, 0, 0, 1, },
		{ 0.9999857544899, 0.0037348920013756, -0.003816100070253, 0, -0.0031979475170374, 0.99122709035873, 0.13213086128235, 0, 0.0042761163786054, -0.13211677968502, 0.99122494459152, 0, 0, 0, 0, 1, },
		{ 0.9999788403511, 0.0045410948805511, -0.0046398476697505, 0, -0.0037379651330411, 0.98704051971436, 0.16042736172676, 0, 0.005308233667165, -0.16040663421154, 0.98703670501709, 0, 0, 0, 0, 1, },
		{ 0.99997007846832, 0.0054101562127471, -0.0055278325453401, 0, -0.0042562480084598, 0.98162311315536, 0.19078250229359, 0, 0.006458411924541, -0.19075325131416, 0.98161679506302, 0, 0, 0, 0, 1, },
		{ 0.99995893239975, 0.006337882950902, -0.0064757778309286, 0, -0.0047344192862511, 0.9748101234436, 0.2229860574007, 0, 0.0077259130775928, -0.22294624149799, 0.97480005025864, 0, 0, 0, 0, 1, },
		{ 0.99994510412216, 0.0073200762271881, -0.0074793891981244, 0, -0.0051539149135351, 0.96644645929337, 0.25681632757187, 0, 0.0091083450242877, -0.25676369667053, 0.96643131971359, 0, 0, 0, 0, 1, },
		{ 0.9999286532402, 0.0083525329828262, -0.0085343886166811, 0, -0.0054962788708508, 0.95638996362686, 0.29204109311104, 0, 0.01060148794204, -0.29197335243225, 0.95636761188507, 0, 0, 0, 0, 1, },
		{ 0.99990898370743, 0.0094310557469726, -0.009636489674449, 0, -0.0057434933260083, 0.94451487064362, 0.32841849327087, 0, 0.012199140153825, -0.32833328843117, 0.94448310136795, 0, 0, 0, 0, 1, },
		{ 0.99988615512848, 0.010551443323493, -0.01078140642494, 0, -0.0058783143758774, 0.93071490526199, 0.36569818854332, 0, 0.013893059454858, -0.36559319496155, 0.93067103624344, 0, 0, 0, 0, 1, },
		{ 0.99985980987549, 0.011709491722286, -0.011964849196374, 0, -0.0058846254833043, 0.91490644216537, 0.40362304449081, 0, 0.015672940760851, -0.40349605679512, 0.91484713554382, 0, 0, 0, 0, 1, },
		{ 0.99982982873917, 0.012900997884572, -0.013182540424168, 0, -0.0057477727532387, 0.89703005552292, 0.44193202257156, 0, 0.017526501789689, -0.44178110361099, 0.89695167541504, 0, 0, 0, 0, 1, },
		{ 0.99979609251022, 0.014121760614216, -0.014430188573897, 0, -0.005454933270812, 0.87705326080322, 0.48036208748817, 0, 0.019439605996013, -0.48018544912338, 0.87695157527924, 0, 0, 0, 0, 1, },
		{ 0.99975848197937, 0.015367570333183, -0.015703503042459, 0, -0.0049954052083194, 0.85497152805328, 0.51865088939667, 0, 0.021396454423666, -0.51844722032547, 0.8548418879509, 0, 0, 0, 0, 1, },
		{ 0.99971705675125, 0.016634227707982, -0.016998209059238, 0, -0.0043608932755888, 0.83080863952637, 0.55654108524323, 0, 0.023379892110825, -0.55630952119827, 0.83064621686935, 0, 0, 0, 0, 1, },
		{ 0.99967175722122, 0.017917538061738, -0.018310017883778, 0, -0.0035457836929709, 0.80461817979813, 0.5937819480896, 0, 0.025371685624123, -0.59352207183838, 0.8044176697731, 0, 0, 0, 0, 1, },
		{ 0.99962252378464, 0.019213290885091, -0.019634636119008, 0, -0.0025472869165242, 0.77648216485977, 0.63013404607773, 0, 0.027352893725038, -0.62984621524811, 0.77623808383942, 0, 0, 0, 0, 1, },
		{ 0.99956953525543, 0.020517285913229, -0.020967788994312, 0, -0.0013656055089086, 0.74651122093201, 0.66537141799927, 0, 0.029304306954145, -0.66505640745163, 0.74621790647507, 0, 0, 0, 0, 1, },
		{ 0.9995129108429, 0.021825319156051, -0.022305183112621, 0, -3.9742599255987e-06, 0.71484243869781, 0.69928556680679, 0, 0.031206823885441, -0.69894480705261, 0.71449434757233, 0, 0, 0, 0, 1, },
		{ 0.99945271015167, 0.023133208975196, -0.023642545565963, 0, 0.0015313099138439, 0.68163841962814, 0.73168754577637, 0, 0.033041946589947, -0.73132336139679, 0.68123000860214, 0, 0, 0, 0, 1, },
		{ 0.99938929080963, 0.024436736479402, -0.024975568056107, 0, 0.0032310097012669, 0.64708423614502, 0.76241159439087, 0, 0.034792151302099, -0.76202672719955, 0.64661014080048, 0, 0, 0, 0, 1, },
		{ 0.99932283163071, 0.025731723755598, -0.026299994438887, 0, 0.0050830454565585, 0.6113857626915, 0.79131627082825, 0, 0.036441378295422, -0.79091417789459, 0.61084097623825, 0, 0, 0, 0, 1, },
		{ 0.99925351142883, 0.027013977989554, -0.027611525729299, 0, 0.0070727211423218, 0.57476598024368, 0.81828719377518, 0, 0.037975359708071, -0.81787174940109, 0.57414597272873, 0, 0, 0, 0, 1, },
		{ 0.9991819858551, 0.028279304504395, -0.028905887156725, 0, 0.0091829914599657, 0.53746217489243, 0.84323781728745, 0, 0.039382003247738, -0.84281349182129, 0.53676283359528, 0, 0, 0, 0, 1, },
		{ 0.99910831451416, 0.029523525387049, -0.030178794637322, 0, 0.011394726112485, 0.49972328543663, 0.86611008644104, 0, 0.040651675313711, -0.86568176746368, 0.4989413022995, 0, 0, 0, 0, 1, },
		{ 0.9990331530571, 0.030742451548576, -0.031425971537828, 0, 0.013687130995095, 0.46180537343025, 0.8868755698204, 0, 0.041777417063713, -0.88644826412201, 0.46093812584877, 0, 0, 0, 0, 1, },
		{ 0.99895679950714, 0.031931914389133, -0.032643128186464, 0, 0.016038039699197, 0.42396980524063, 0.90553426742554, 0, 0.042755149304867, -0.90511310100555, 0.42301541566849, 0, 0, 0, 0, 1, },
		{ 0.99887979030609, 0.033087730407715, -0.033826000988483, 0, 0.018424345180392, 0.38647931814194, 0.9221139550209, 0, 0.043583713471889, -0.92170423269272, 0.38543677330017, 0, 0, 0, 0, 1, },
		{ 0.99880266189575, 0.034205727279186, -0.034970302134752, 0, 0.020822400227189, 0.34959477186203, 0.9366694688797, 0, 0.044264897704124, -0.93627625703812, 0.348464012146, 0, 0, 0, 0, 1, },
		{ 0.99872612953186, 0.035281721502542, -0.036071751266718, 0, 0.023208320140839, 0.31357410550117, 0.94927996397018, 0, 0.044803403317928, -0.94890797138214, 0.31235584616661, 0, 0, 0, 0, 1, },
		{ 0.99865061044693, 0.036311566829681, -0.037126075476408, 0, 0.025558400899172, 0.2786680161953, 0.96004724502563, 0, 0.045206669718027, -0.95970070362091, 0.27736392617226, 0, 0, 0, 0, 1, },
		{ 0.99857664108276, 0.037291117012501, -0.038129009306431, 0, 0.027849359437823, 0.24512042105198, 0.96909242868423, 0, 0.045484744012356, -0.96877503395081, 0.24373303353786, 0, 0, 0, 0, 1, },
		{ 0.99850499629974, 0.038216169923544, -0.039076250046492, 0, 0.030058668926358, 0.21316443383694, 0.97655373811722, 0, 0.045649819076061, -0.97626858949661, 0.2116970717907, 0, 0, 0, 0, 1, },
		{ 0.99843639135361, 0.03908259421587, -0.03996355086565, 0, 0.032164696604013, 0.18302428722382, 0.98258203268051, 0, 0.045716159045696, -0.98233109712601, 0.18148106336594, 0, 0, 0, 0, 1, },
		{ 0.99837130308151, 0.039886221289635, -0.040786638855934, 0, 0.034146960824728, 0.15491183102131, 0.98733788728714, 0, 0.045699514448643, -0.98712265491486, 0.15329755842686, 0, 0, 0, 0, 1, },
		{ 0.9983104467392, 0.040622893720865, -0.04154122620821, 0, 0.035986073315144, 0.12902969121933, 0.99098747968674, 0, 0.045616835355759, -0.99080818891525, 0.12734985351562, 0, 0, 0, 0, 1, },
		{ 0.99825459718704, 0.041288487613201, -0.042223043739796, 0, 0.037663962692022, 0.10556830465794, 0.99369847774506, 0, 0.045485727488995, -0.99355447292328, 0.10382896661758, 0, 0, 0, 0, 1, },
		{ 0.99820423126221, 0.041878808289766, -0.04282782971859, 0, 0.039163701236248, 0.084709703922272, 0.99563562870026, 0, 0.045323975384235, -0.9955250620842, 0.082917466759682, 0, 0, 0, 0, 1, },
		{ 0.99816006422043, 0.042389716953039, -0.043351277709007, 0, 0.040469571948051, 0.066625751554966, 0.99695688486099, 0, 0.04514903575182, -0.99687707424164, 0.064787678420544, 0, 0, 0, 0, 1, },
		{ 0.99812269210815, 0.042817078530788, -0.043789155781269, 0, 0.041566897183657, 0.051482446491718, 0.99780839681625, 0, 0.044977620244026, -0.99775546789169, 0.049606036394835, 0, 0, 0, 0, 1, },
		{ 0.99809271097183, 0.043156709522009, -0.044137176126242, 0, 0.042441945523024, 0.03943844884634, 0.9983201622963, 0, 0.044824920594692, -0.99828952550888, 0.037531580775976, 0, 0, 0, 0, 1, },
		{ 0.99807071685791, 0.043404459953308, -0.044391043484211, 0, 0.043081745505333, 0.030649350956082, 0.99860119819641, 0, 0.044704310595989, -0.99858725070953, 0.028720282018185, 0, 0, 0, 0, 1, },
		{ 0.99805724620819, 0.043556176126003, -0.044546496123075, 0, 0.043474104255438, 0.025266140699387, 0.99873495101929, 0, 0.044626597315073, -0.99873131513596, 0.023323491215706, 0, 0, 0, 0, 1, },
		{ 0.9980525970459, 0.043607670813799, -0.044599276036024, 0, 0.043607402592897, 0.023438509553671, 0.99877369403839, 0, 0.044599540531635, -0.99877369403839, 0.021491251885891, 0, 0, 0, 0, 1, },
	},
}
end
